Process ID	Waiting Time	Turnaround Time	Completion Time
2	0	1	1
47	1	5	5
89	2	5	8
46	4	10	14
81	10	17	21
5	16	26	31
97	26	34	39
51	33	40	46
26	38	43	51
50	43	51	59
9	49	57	67
53	56	58	69
96	58	61	72
44	60	65	77
55	64	70	83
90	69	71	85
32	68	71	88
59	71	78	95
54	76	86	105
76	86	88	107
14	87	95	115
27	94	99	120
41	99	103	124
83	99	107	132
1	104	114	142
18	112	118	148
78	118	121	151
8	120	128	159
93	128	133	164
10	131	136	169
67	136	145	178
21	144	147	181
91	144	149	186
95	149	152	189
7	149	153	193
79	152	156	197
6	155	156	198
72	156	162	204
65	161	171	214
36	170	180	224
52	180	188	232
15	183	189	238
38	189	190	239
12	188	189	240
31	189	195	246
33	193	201	254
45	201	210	263
71	209	219	273
61	218	219	274
92	219	227	282
43	226	230	286
48	230	236	292
11	235	238	295
64	238	243	300
57	242	245	303
60	245	249	307
70	249	256	314
30	255	260	319
23	258	264	325
88	264	273	334
28	272	280	342
39	280	290	352
58	290	294	356
16	293	295	358
25	295	302	365
63	301	309	373
22	307	317	383
74	317	320	386
75	320	322	388
20	321	328	395
37	327	334	402
49	334	343	411
3	342	349	418
34	349	353	422
99	352	358	428
42	357	360	431
86	358	361	434
13	360	369	443
35	369	377	451
85	376	381	456
98	380	386	462
24	385	392	469
56	392	401	478
80	399	405	484
87	404	414	494
84	412	416	498
73	415	425	508
17	422	426	512
29	426	429	515
82	428	435	522
40	433	434	523
69	434	437	526
4	435	443	534
94	443	446	537
66	445	447	539
19	445	446	540
77	446	454	548
100	450	457	555
62	456	457	556
68	456	458	558

ARRIVAL TIMES: [28, 0, 69, 91, 5, 42, 40, 31, 10, 33, 57, 51, 74, 20, 49, 63, 86, 30, 94, 67, 34, 66, 61, 77, 63, 8, 21, 62, 86, 59, 51, 17, 53, 69, 74, 44, 68, 49, 62, 89, 21, 71, 56, 12, 53, 4, 0, 56, 68, 8, 6, 44, 11, 19, 13, 77, 58, 62, 17, 58, 55, 99, 64, 57, 43, 92, 33, 100, 89, 58, 54, 42, 83, 66, 66, 19, 94, 30, 41, 79, 4, 87, 25, 82, 75, 73, 80, 61, 3, 14, 37, 55, 31, 91, 37, 11, 5, 76, 70, 98]

BURST TIMES: [10, 1, 7, 8, 10, 1, 4, 8, 8, 5, 3, 1, 9, 8, 6, 2, 4, 6, 1, 7, 3, 10, 6, 7, 7, 5, 5, 8, 3, 5, 6, 3, 8, 4, 8, 10, 7, 1, 10, 1, 4, 3, 4, 5, 9, 6, 4, 6, 9, 8, 7, 8, 2, 10, 6, 9, 3, 4, 7, 4, 1, 1, 8, 5, 10, 2, 9, 2, 3, 7, 10, 6, 10, 3, 2, 2, 8, 3, 4, 6, 7, 7, 8, 4, 5, 3, 10, 9, 3, 2, 5, 8, 5, 3, 3, 3, 8, 6, 6, 7]
Average Turnaround Time: 234.33
Average Waiting Time: 228.75
Standard deviation of waiting times: 138,8594523250038
Standard deviation of turnaround times: 138,76390416819495

Process ID	Waiting Time	Turnaround Time	Completion Time
43	0	2	2
59	2	5	5
89	5	8	8
15	7	17	18
73	17	27	28
83	27	28	29
9	26	33	36
17	33	40	43
7	38	39	44
90	39	41	46
61	39	48	55
69	47	54	62
77	54	61	69
2	59	64	74
40	64	69	79
98	69	71	81
28	69	71	83
33	71	75	87
49	75	79	91
58	79	87	99
68	87	97	109
88	97	98	110
26	97	105	118
23	102	109	125
35	109	111	127
21	110	116	133
38	116	121	138
55	120	123	141
16	121	129	149
44	127	128	150
84	128	134	156
10	132	134	158
45	134	139	163
31	138	142	167
51	141	142	168
93	142	148	174
29	147	151	178
72	151	153	180
91	153	161	188
11	160	162	190
32	162	163	191
30	161	171	201
25	166	175	210
60	175	180	215
85	180	187	222
65	186	193	229
50	192	193	230
86	193	201	238
5	200	210	248
34	210	212	250
54	212	217	255
22	216	222	261
47	222	226	265
81	222	224	267
52	221	231	277
100	231	236	282
63	235	238	285
27	236	243	292
37	243	248	297
62	248	255	304
66	254	256	306
48	255	265	316
95	265	267	318
24	265	267	320
41	263	266	323
67	264	267	326
71	266	270	330
42	268	278	340
13	276	282	346
12	281	284	349
20	282	288	355
76	288	292	359
79	289	292	362
36	291	295	366
70	293	299	372
99	298	304	378
97	302	304	380
87	303	312	389
53	310	315	394
80	315	317	396
94	317	318	397
46	316	320	401
1	319	322	404
39	322	327	409
3	325	327	411
6	327	330	414
18	329	333	418
56	332	338	424
96	336	346	434
14	345	353	442
74	353	354	443
82	352	357	448
57	356	366	458
75	365	374	467
64	373	376	470
19	375	379	474
92	379	388	483
78	387	390	486
4	387	393	492
8	392	399	499

ARRIVAL TIMES: [82, 10, 84, 99, 38, 84, 5, 100, 3, 24, 28, 65, 64, 89, 1, 20, 3, 85, 95, 67, 17, 39, 16, 53, 35, 13, 49, 12, 27, 30, 25, 28, 12, 38, 16, 71, 49, 17, 82, 10, 57, 62, 0, 22, 24, 81, 39, 51, 12, 37, 26, 46, 79, 38, 18, 86, 92, 12, 0, 35, 7, 49, 47, 94, 36, 50, 59, 12, 8, 73, 60, 27, 1, 89, 93, 67, 8, 96, 70, 79, 43, 91, 1, 22, 35, 37, 77, 12, 0, 5, 27, 95, 26, 79, 51, 88, 76, 10, 74, 46]

BURST TIMES: [3, 5, 2, 6, 10, 3, 1, 7, 7, 2, 2, 3, 6, 8, 10, 8, 7, 4, 4, 6, 6, 6, 7, 2, 9, 8, 7, 2, 4, 10, 4, 1, 4, 2, 2, 4, 5, 5, 5, 5, 3, 10, 2, 1, 5, 4, 4, 10, 4, 1, 1, 10, 5, 5, 3, 6, 10, 8, 3, 5, 9, 7, 3, 3, 7, 2, 3, 10, 7, 6, 4, 2, 10, 1, 9, 4, 7, 3, 3, 2, 2, 5, 1, 6, 7, 8, 9, 1, 3, 2, 8, 9, 6, 1, 2, 10, 2, 2, 6, 5]
Average Turnaround Time: 205.57
Average Waiting Time: 200.58
Standard deviation of waiting times: 111,81897692252421
Standard deviation of turnaround times: 111,89497352428303

Process ID	Waiting Time	Turnaround Time	Completion Time
20	0	10	10
41	10	15	15
56	15	18	18
53	17	22	23
88	21	28	30
36	27	29	32
7	28	33	37
16	33	37	41
44	33	42	50
33	41	43	52
61	40	46	58
79	46	53	65
74	52	55	68
80	55	59	72
82	58	66	80
3	65	75	90
69	75	80	95
29	78	88	105
30	88	93	110
21	92	101	119
42	101	106	124
84	104	111	131
92	110	116	137
68	115	123	145
83	123	129	151
2	127	132	156
37	132	142	166
75	142	145	169
100	145	146	170
76	145	148	173
46	142	145	176
70	145	153	184
10	152	159	191
26	158	165	198
48	161	167	204
50	166	167	205
99	167	173	211
54	171	174	214
5	172	182	224
35	182	191	233
71	191	196	238
55	195	204	247
87	203	212	256
62	211	220	265
25	218	220	267
96	220	223	270
45	222	224	272
31	223	230	279
73	230	235	284
11	234	237	287
81	237	241	291
38	239	247	299
43	245	250	304
18	248	250	306
27	250	251	307
59	250	259	316
40	256	259	319
57	258	266	327
65	266	267	328
72	267	277	338
77	277	286	347
63	285	291	353
23	290	296	359
28	293	297	363
86	297	302	368
97	302	307	373
32	306	316	383
15	315	324	392
98	324	333	401
9	331	338	408
6	337	341	412
91	340	348	420
39	347	352	425
66	352	354	427
8	353	354	428
22	352	359	435
24	357	366	444
52	366	375	453
14	372	373	454
60	371	379	462
19	378	381	465
90	379	384	470
89	383	390	477
1	389	398	486
85	397	407	496
17	406	407	497
12	405	407	499
95	407	410	502
67	409	417	510
78	416	421	515
34	420	425	520
47	423	427	524
49	427	429	526
58	429	435	532
64	435	437	534
93	437	442	539
4	441	442	540
51	442	449	547
94	448	457	556
13	456	464	564

ARRIVAL TIMES: [88, 24, 15, 98, 42, 71, 4, 74, 70, 32, 50, 92, 100, 81, 68, 4, 90, 56, 84, 0, 18, 76, 63, 78, 47, 33, 56, 66, 17, 17, 49, 67, 9, 95, 42, 3, 24, 52, 73, 60, 0, 18, 54, 8, 48, 31, 97, 37, 97, 38, 98, 78, 1, 40, 43, 0, 61, 97, 57, 83, 12, 45, 62, 97, 61, 73, 93, 22, 15, 31, 42, 61, 49, 13, 24, 25, 61, 94, 12, 13, 50, 14, 22, 20, 89, 66, 44, 2, 87, 86, 72, 21, 97, 99, 92, 47, 66, 68, 38, 24]

BURST TIMES: [9, 5, 10, 1, 10, 4, 5, 1, 7, 7, 3, 2, 8, 1, 9, 4, 1, 2, 3, 10, 9, 7, 6, 9, 2, 7, 1, 4, 10, 5, 7, 10, 2, 5, 9, 2, 10, 8, 5, 3, 5, 5, 5, 9, 2, 3, 4, 6, 2, 1, 7, 9, 5, 3, 9, 3, 8, 6, 9, 8, 6, 9, 6, 2, 1, 2, 8, 8, 5, 8, 5, 10, 5, 3, 3, 3, 9, 5, 7, 4, 4, 8, 6, 7, 10, 5, 9, 7, 7, 5, 8, 6, 5, 9, 3, 3, 5, 9, 6, 1]
Average Turnaround Time: 238.55
Average Waiting Time: 232.91
Standard deviation of waiting times: 133,96948122613597
Standard deviation of turnaround times: 133,8134802626402

Process ID	Waiting Time	Turnaround Time	Completion Time
49	0	3	5
67	3	13	15
76	13	23	25
27	22	31	34
65	31	39	42
75	39	42	45
90	42	50	53
16	49	53	57
38	53	62	66
60	62	66	70
85	66	73	77
21	72	82	87
53	82	92	97
1	90	98	105
4	98	99	106
92	94	97	109
59	95	97	111
69	96	101	116
22	96	102	122
24	102	107	127
70	106	115	136
88	114	118	140
3	117	126	149
72	126	130	153
80	128	130	155
7	128	132	159
51	132	136	163
99	134	137	166
2	136	146	176
6	146	151	181
15	150	151	182
93	151	154	185
42	153	156	188
45	156	164	196
68	163	171	204
96	171	173	206
56	170	178	214
89	177	181	218
28	180	189	227
12	188	189	228
13	189	198	237
25	198	204	243
66	204	210	249
35	208	211	252
81	209	216	259
78	214	217	262
29	216	218	264
55	218	220	266
30	216	223	273
19	222	223	274
83	222	232	284
8	231	234	287
34	233	237	291
10	236	241	296
94	239	244	301
100	244	248	305
11	245	253	313
44	253	257	317
84	256	257	318
91	257	261	322
95	261	266	327
98	266	272	333
5	269	273	337
14	272	275	340
62	275	283	348
41	282	290	356
36	289	294	361
50	294	304	371
39	303	308	376
48	307	309	378
63	307	315	386
74	314	315	387
54	314	315	388
64	315	317	390
43	315	325	400
52	325	335	410
61	335	339	414
73	339	341	416
82	339	343	420
40	341	346	425
17	344	354	435
46	354	361	442
23	360	362	444
31	361	362	445
32	360	366	451
9	365	371	457
86	370	378	465
47	375	384	474
37	382	385	477
57	385	395	487
77	394	401	494
97	401	404	497
87	402	411	506
20	410	413	509
26	413	416	512
58	416	421	517
18	420	428	525
79	428	436	533
33	435	441	539
71	441	451	549

ARRIVAL TIMES: [7, 30, 23, 7, 64, 30, 27, 53, 86, 55, 60, 39, 39, 65, 31, 4, 81, 97, 51, 96, 5, 20, 82, 20, 39, 96, 3, 38, 46, 50, 83, 85, 98, 54, 41, 67, 92, 4, 68, 79, 66, 32, 75, 60, 32, 81, 90, 69, 2, 67, 27, 75, 5, 73, 46, 36, 92, 96, 14, 4, 75, 65, 71, 73, 3, 39, 2, 33, 15, 21, 98, 23, 75, 72, 3, 2, 93, 45, 97, 25, 43, 77, 52, 61, 4, 87, 95, 22, 37, 3, 61, 12, 31, 57, 61, 33, 93, 61, 29, 57]

BURST TIMES: [8, 10, 9, 1, 4, 5, 4, 3, 6, 5, 8, 1, 9, 3, 1, 4, 10, 8, 1, 3, 10, 6, 2, 5, 6, 3, 9, 9, 2, 7, 1, 6, 6, 4, 3, 5, 3, 9, 5, 5, 8, 3, 10, 4, 8, 7, 9, 2, 3, 10, 4, 10, 10, 1, 2, 8, 10, 5, 2, 4, 4, 8, 8, 2, 8, 6, 10, 8, 5, 9, 10, 4, 2, 1, 3, 10, 7, 3, 8, 2, 7, 4, 10, 1, 7, 8, 9, 4, 4, 8, 4, 3, 3, 5, 5, 2, 3, 6, 3, 4]
Average Turnaround Time: 230.66
Average Waiting Time: 225.19
Standard deviation of waiting times: 118,63580361762632
Standard deviation of turnaround times: 118,56198547595262

Process ID	Waiting Time	Turnaround Time	Completion Time
5	0	8	9
22	8	18	19
32	17	23	25
27	22	32	35
42	32	37	40
51	37	46	49
76	46	49	52
59	47	56	61
25	55	57	63
35	57	59	65
97	59	65	71
75	63	65	73
14	62	68	79
21	68	74	85
73	73	76	88
77	75	80	93
19	79	83	97
65	83	84	98
72	83	87	102
24	86	93	109
64	93	96	112
26	94	96	114
60	96	101	119
43	100	110	129
49	110	120	139
16	119	125	145
23	125	135	155
33	133	138	160
100	137	139	162
18	137	141	166
93	141	149	174
50	146	148	176
90	148	158	186
36	156	160	190
87	159	168	199
94	168	170	201
96	170	172	203
69	171	178	210
82	178	187	219
89	186	194	227
54	191	200	236
63	200	209	245
83	208	209	246
15	208	210	248
78	210	217	255
95	217	224	262
6	223	229	268
28	229	235	274
39	235	245	284
7	244	246	286
66	246	252	292
58	251	261	302
56	260	263	305
8	261	270	314
47	270	272	316
31	271	275	320
57	272	280	328
67	280	281	329
45	278	287	338
17	283	289	344
46	289	299	354
1	298	306	362
81	303	304	363
62	302	308	369
80	307	313	375
13	312	315	378
44	315	319	382
99	319	320	383
34	319	326	390
70	325	333	398
12	332	334	400
52	334	342	408
61	340	342	410
9	341	347	416
48	347	354	423
71	354	363	432
74	361	371	442
98	371	372	443
4	371	375	447
91	374	381	454
37	380	388	462
41	387	390	465
53	388	395	472
86	394	399	477
79	397	401	481
3	400	406	487
10	405	409	491
55	408	417	500
20	416	418	502
92	418	425	509
2	424	429	514
85	429	433	518
11	431	440	527
29	440	447	534
40	445	453	542
38	452	457	547
68	456	466	557
30	463	464	558
84	458	460	560
88	460	467	567

ARRIVAL TIMES: [56, 85, 81, 72, 1, 39, 40, 44, 69, 82, 87, 66, 63, 11, 38, 20, 55, 25, 14, 84, 11, 1, 20, 16, 6, 18, 3, 39, 87, 94, 45, 2, 22, 64, 6, 30, 74, 90, 39, 89, 75, 3, 19, 63, 51, 55, 44, 69, 19, 28, 3, 66, 77, 36, 83, 42, 48, 41, 5, 18, 68, 61, 36, 16, 14, 40, 48, 91, 32, 65, 69, 15, 12, 71, 8, 3, 13, 38, 80, 62, 59, 32, 37, 100, 85, 78, 31, 100, 33, 28, 73, 84, 25, 31, 38, 31, 6, 71, 63, 23]

BURST TIMES: [8, 5, 6, 4, 8, 6, 2, 9, 6, 4, 9, 2, 3, 6, 2, 6, 6, 4, 4, 2, 6, 10, 10, 7, 2, 2, 10, 6, 7, 1, 4, 6, 5, 7, 2, 4, 8, 5, 10, 8, 3, 5, 10, 4, 9, 10, 2, 7, 10, 2, 9, 8, 7, 9, 9, 3, 8, 10, 9, 5, 2, 6, 9, 3, 1, 6, 1, 10, 7, 8, 9, 4, 3, 10, 2, 3, 5, 7, 4, 6, 1, 9, 1, 2, 4, 5, 9, 7, 8, 10, 7, 7, 8, 2, 7, 2, 6, 1, 1, 2]
Average Turnaround Time: 242.87
Average Waiting Time: 237.21
Standard deviation of waiting times: 134,6131713466405
Standard deviation of turnaround times: 134,57976482369108

Process ID	Waiting Time	Turnaround Time	Completion Time
11	0	2	2
16	1	5	6
54	4	6	8
74	6	8	10
98	6	10	14
88	8	17	23
38	16	20	27
99	20	22	29
53	20	27	36
23	26	29	39
58	26	27	40
49	26	35	49
97	35	45	59
48	44	46	61
5	44	49	66
51	48	56	74
92	55	63	82
39	62	71	91
33	70	73	94
85	73	80	101
76	78	88	111
46	87	91	115
65	91	100	124
42	98	102	128
9	99	105	134
27	105	115	144
60	115	117	146
24	116	125	155
63	125	132	162
15	131	132	163
52	132	138	169
19	136	139	172
36	138	142	176
25	139	149	186
75	149	158	195
94	157	164	202
73	163	171	210
44	170	175	215
13	173	176	218
17	176	177	219
22	176	186	229
26	186	195	238
35	194	204	248
78	202	203	249
1	202	207	254
79	207	215	262
89	212	219	269
40	218	223	274
70	223	226	277
84	226	230	281
3	228	238	291
64	238	244	297
82	243	246	300
68	245	252	307
91	252	261	316
95	260	262	318
81	261	270	327
56	269	271	329
20	269	272	332
12	270	273	335
41	273	275	337
4	274	277	340
96	275	276	341
34	275	276	342
43	275	278	345
47	278	288	355
55	287	296	364
30	295	305	374
62	305	308	377
29	307	317	387
61	316	318	389
69	318	327	398
71	327	333	404
72	333	339	410
10	338	339	411
66	339	348	420
87	348	350	422
77	348	355	429
86	354	363	438
100	362	365	441
90	364	365	442
14	362	369	449
67	368	375	456
31	374	376	458
32	376	381	463
59	381	390	472
2	387	392	477
83	392	394	479
6	393	397	483
50	396	402	489
57	401	402	490
93	401	402	491
7	401	409	499
18	407	414	506
45	414	418	510
28	415	416	511
8	414	422	519
21	422	427	524
37	426	431	529
80	431	436	534

ARRIVAL TIMES: [47, 85, 53, 63, 17, 86, 90, 97, 29, 72, 0, 62, 42, 80, 31, 1, 42, 92, 33, 60, 97, 43, 10, 30, 37, 43, 29, 95, 70, 69, 82, 82, 21, 66, 44, 34, 98, 7, 20, 51, 62, 26, 67, 40, 92, 24, 67, 15, 14, 87, 18, 31, 9, 2, 68, 58, 88, 13, 82, 29, 71, 69, 30, 53, 24, 72, 81, 55, 71, 51, 71, 71, 39, 2, 37, 23, 74, 46, 47, 98, 57, 54, 85, 51, 21, 75, 72, 6, 50, 77, 55, 19, 89, 38, 56, 65, 14, 4, 7, 76]

BURST TIMES: [5, 5, 10, 3, 5, 4, 8, 8, 6, 1, 2, 3, 3, 7, 1, 4, 1, 7, 3, 3, 5, 10, 3, 9, 10, 9, 10, 1, 10, 10, 2, 5, 3, 1, 10, 4, 5, 4, 9, 5, 2, 4, 3, 5, 4, 4, 10, 2, 9, 6, 8, 6, 7, 2, 9, 2, 1, 1, 9, 2, 2, 3, 7, 6, 9, 9, 7, 7, 9, 3, 6, 6, 8, 2, 9, 10, 7, 1, 8, 5, 9, 3, 2, 4, 7, 9, 2, 9, 7, 1, 9, 8, 1, 7, 2, 1, 10, 4, 2, 3]
Average Turnaround Time: 224.35
Average Waiting Time: 219.01
Standard deviation of waiting times: 132,34247201862297
Standard deviation of turnaround times: 132,1623528080895992

===================================================================================================================================================================
Process ID	Waiting Time	Turnaround Time	Completion Time
16	0	21	21
56	21	64	64
92	64	87	87
18	86	102	103
55	102	123	124
60	123	154	155
85	154	162	163
99	162	172	173
22	171	198	200
37	198	207	209
59	207	235	237
62	235	277	279
98	277	295	297
3	294	322	325
53	322	372	375
64	372	393	396
93	393	421	424
42	420	460	464
63	460	498	502
68	498	525	529
81	525	562	566
2	561	564	569
7	564	578	583
9	578	610	615
10	610	628	633
27	628	655	660
38	655	685	690
50	685	705	710
86	704	754	760
15	753	785	792
21	785	788	795
30	788	805	812
82	805	829	836
96	829	845	852
4	844	875	883
23	875	884	892
32	884	896	904
74	896	935	943
6	934	935	944
94	935	962	971
97	962	1006	1015
13	1005	1008	1018
19	1008	1056	1066
20	1056	1080	1090
73	1080	1100	1110
77	1100	1135	1145
83	1135	1174	1184
12	1173	1184	1195
46	1184	1185	1196
61	1185	1190	1201
25	1189	1212	1224
28	1212	1231	1243
41	1231	1260	1272
48	1260	1269	1281
14	1268	1302	1315
43	1302	1327	1340
54	1327	1343	1356
70	1343	1346	1359
76	1346	1351	1364
95	1351	1380	1393
5	1379	1416	1430
24	1416	1455	1469
40	1455	1471	1485
52	1471	1495	1509
57	1495	1531	1545
66	1531	1542	1556
69	1542	1558	1572
72	1558	1590	1604
75	1590	1633	1647
11	1632	1674	1689
29	1674	1718	1733
34	1718	1738	1753
36	1738	1762	1777
39	1762	1812	1827
49	1812	1825	1840
67	1825	1840	1855
91	1840	1853	1868
1	1852	1889	1905
31	1889	1919	1935
33	1919	1963	1979
71	1963	1966	1982
79	1966	1976	1992
80	1976	2001	2017
17	2000	2005	2022
44	2005	2008	2025
47	2008	2024	2041
51	2024	2059	2076
58	2059	2088	2105
26	2087	2112	2130
45	2112	2150	2168
88	2150	2157	2175
89	2157	2186	2204
35	2185	2228	2247
65	2228	2261	2280
84	2261	2271	2290
100	2271	2311	2330
8	2310	2340	2360
78	2340	2346	2366
87	2346	2396	2416
90	2396	2407	2427

ARRIVAL TIMES: [16, 5, 3, 8, 14, 9, 5, 20, 5, 5, 15, 11, 10, 13, 7, 0, 17, 1, 10, 10, 7, 2, 8, 14, 12, 18, 5, 12, 15, 7, 16, 8, 16, 15, 19, 15, 2, 5, 15, 14, 12, 4, 13, 17, 18, 11, 17, 12, 15, 5, 17, 14, 3, 13, 1, 0, 14, 17, 2, 1, 11, 2, 4, 3, 19, 14, 15, 4, 14, 13, 16, 14, 10, 8, 14, 13, 10, 20, 16, 16, 4, 7, 10, 19, 1, 6, 20, 18, 18, 20, 15, 0, 3, 9, 13, 7, 9, 2, 1, 19]

BURST TIMES: [37, 3, 28, 31, 37, 1, 14, 30, 32, 18, 42, 11, 3, 34, 32, 21, 5, 16, 48, 24, 3, 27, 9, 39, 23, 25, 27, 19, 44, 17, 30, 12, 44, 20, 43, 24, 9, 30, 50, 16, 29, 40, 25, 3, 38, 1, 16, 9, 13, 20, 35, 24, 50, 16, 21, 43, 36, 29, 28, 31, 5, 42, 38, 21, 33, 11, 15, 27, 16, 3, 3, 32, 20, 39, 43, 5, 35, 6, 10, 25, 37, 24, 39, 10, 8, 50, 50, 7, 29, 11, 13, 23, 28, 27, 29, 16, 44, 18, 10, 40]
Average Turnaround Time: 1214.83
Average Waiting Time: 1190.56
Standard deviation of waiting times: 685.2011576172358
Standard deviation of turnaround times: 685.211968006981

Process ID	Waiting Time	Turnaround Time	Completion Time
3	0	50	50
15	50	55	55
26	55	96	96
31	96	102	102
33	102	136	136
57	136	182	182
71	182	204	204
84	204	212	212
90	212	235	235
96	235	248	248
9	247	268	269
25	268	289	290
73	289	336	337
97	336	364	365
16	363	370	372
19	370	401	403
23	401	415	417
54	415	423	425
80	423	434	436
86	434	443	445
1	442	489	492
11	489	500	503
18	500	521	524
40	521	524	527
42	524	531	534
47	531	580	583
63	580	581	584
70	581	623	626
79	623	651	654
95	651	685	688
35	684	710	714
37	710	724	728
49	724	744	748
52	744	755	759
69	755	800	804
10	799	836	841
32	836	877	882
58	877	892	897
91	892	907	912
27	906	950	956
43	950	956	962
45	956	973	979
59	973	988	994
65	988	1028	1034
83	1028	1074	1080
98	1074	1086	1092
99	1086	1098	1104
28	1097	1119	1126
44	1119	1132	1139
46	1132	1177	1184
21	1176	1205	1213
39	1205	1221	1229
72	1221	1260	1268
92	1260	1268	1276
2	1267	1311	1320
24	1311	1324	1333
36	1324	1330	1339
48	1330	1349	1358
61	1349	1365	1374
64	1365	1407	1416
68	1407	1416	1425
76	1416	1457	1466
93	1457	1496	1505
5	1495	1512	1522
14	1512	1539	1549
20	1539	1577	1587
89	1577	1605	1615
66	1604	1624	1635
75	1624	1634	1645
6	1633	1677	1689
41	1677	1690	1702
51	1690	1707	1719
62	1707	1711	1723
74	1711	1740	1752
77	1740	1758	1770
38	1757	1794	1807
7	1793	1834	1848
12	1834	1836	1850
55	1836	1838	1852
78	1838	1874	1888
56	1873	1891	1906
82	1891	1917	1932
8	1916	1923	1939
29	1923	1945	1961
30	1945	1973	1989
34	1973	2005	2021
85	2005	2050	2066
13	2049	2076	2093
50	2076	2121	2138
87	2121	2171	2188
17	2170	2179	2197
81	2179	2190	2208
67	2189	2207	2226
88	2207	2245	2264
94	2245	2249	2268
100	2249	2255	2274
4	2254	2264	2284
22	2264	2291	2311
53	2291	2331	2351
60	2331	2368	2388

ARRIVAL TIMES: [3, 9, 0, 20, 10, 12, 14, 16, 1, 5, 3, 14, 17, 10, 0, 2, 18, 3, 2, 10, 8, 20, 2, 9, 1, 0, 6, 7, 16, 16, 0, 5, 0, 16, 4, 9, 4, 13, 8, 3, 12, 3, 6, 7, 6, 7, 3, 9, 4, 17, 12, 4, 20, 2, 14, 15, 0, 5, 6, 20, 9, 12, 3, 9, 6, 11, 19, 9, 4, 3, 0, 8, 1, 12, 11, 9, 12, 14, 3, 2, 18, 15, 6, 0, 16, 2, 17, 19, 10, 0, 5, 8, 9, 19, 3, 0, 1, 6, 6, 19]

BURST TIMES: [47, 44, 50, 10, 17, 44, 41, 7, 21, 37, 11, 2, 27, 27, 5, 7, 9, 21, 31, 38, 29, 27, 14, 13, 21, 41, 44, 22, 22, 28, 6, 41, 34, 32, 26, 6, 14, 37, 16, 3, 13, 7, 6, 13, 17, 45, 49, 19, 20, 45, 17, 11, 40, 8, 2, 18, 46, 15, 15, 37, 16, 4, 1, 42, 40, 20, 18, 9, 45, 42, 22, 39, 47, 29, 10, 41, 18, 36, 28, 11, 11, 26, 46, 8, 45, 9, 50, 38, 28, 23, 15, 8, 39, 4, 34, 13, 28, 12, 12, 6]
Average Turnaround Time: 1187.84
Average Waiting Time: 1163.96
Standard deviation of waiting times: 680.1500410938751
Standard deviation of turnaround times: 680.4938018821333

Process ID	Waiting Time	Turnaround Time	Completion Time
20	0	5	5
34	5	23	23
49	23	43	43
54	43	59	59
63	59	79	79
66	79	121	121
93	121	133	133
25	132	174	175
32	174	211	212
47	210	219	221
57	219	227	229
22	226	265	268
70	265	287	290
76	287	309	312
81	309	340	343
85	340	357	360
86	357	395	398
88	395	440	443
15	439	469	473
35	469	518	522
43	518	526	530
44	526	566	570
55	566	611	615
16	610	611	616
75	611	645	650
89	645	689	694
90	689	700	705
95	700	719	724
21	718	729	735
50	729	746	752
82	746	778	784
83	778	795	801
100	795	826	832
59	825	827	834
77	827	832	839
28	831	836	844
40	836	854	862
4	853	855	864
9	855	859	868
13	859	868	877
17	868	902	911
60	902	929	938
61	929	977	986
99	977	991	1000
19	990	992	1002
23	992	1026	1036
48	1026	1046	1056
64	1046	1058	1068
65	1058	1092	1102
78	1092	1094	1104
1	1093	1128	1139
12	1128	1170	1181
39	1170	1214	1225
71	1214	1247	1258
92	1247	1259	1270
96	1259	1286	1297
6	1285	1327	1339
8	1327	1344	1356
29	1344	1370	1382
45	1370	1402	1414
58	1402	1452	1464
80	1452	1459	1471
87	1459	1476	1488
2	1475	1494	1507
51	1494	1527	1540
56	1527	1548	1561
33	1547	1591	1605
41	1591	1632	1646
68	1632	1663	1677
11	1662	1687	1702
37	1687	1724	1739
53	1724	1733	1748
67	1733	1745	1760
72	1745	1774	1789
73	1774	1817	1832
79	1817	1859	1874
84	1859	1890	1905
5	1889	1929	1945
14	1929	1935	1951
18	1935	1951	1967
42	1951	1987	2003
46	1987	2007	2023
91	2007	2051	2067
97	2051	2094	2110
24	2093	2119	2136
27	2119	2154	2171
31	2154	2170	2187
98	2170	2185	2202
26	2184	2207	2225
52	2207	2213	2231
74	2213	2235	2253
94	2235	2268	2286
3	2267	2307	2326
36	2307	2335	2354
38	2335	2342	2361
62	2342	2375	2394
7	2374	2388	2408
10	2388	2414	2434
30	2414	2416	2436
69	2416	2458	2478

ARRIVAL TIMES: [11, 13, 19, 9, 16, 12, 20, 12, 9, 20, 15, 11, 9, 16, 4, 5, 9, 16, 10, 0, 6, 3, 10, 17, 1, 18, 17, 8, 12, 20, 17, 1, 14, 0, 4, 19, 15, 19, 11, 8, 14, 16, 4, 4, 12, 16, 2, 10, 0, 6, 13, 18, 15, 0, 4, 13, 2, 12, 7, 9, 9, 19, 0, 10, 10, 0, 15, 14, 20, 3, 11, 15, 15, 18, 5, 3, 7, 10, 15, 12, 3, 6, 6, 15, 3, 3, 12, 3, 5, 5, 16, 11, 0, 18, 5, 11, 16, 17, 9, 6]

BURST TIMES: [35, 19, 40, 2, 40, 42, 14, 17, 4, 26, 25, 42, 9, 6, 30, 1, 34, 16, 2, 5, 11, 39, 34, 26, 42, 23, 35, 5, 26, 2, 16, 37, 44, 18, 49, 28, 37, 7, 44, 18, 41, 36, 8, 40, 32, 20, 9, 20, 20, 17, 33, 6, 9, 16, 45, 21, 8, 50, 2, 27, 48, 33, 20, 12, 34, 42, 12, 31, 42, 22, 33, 29, 43, 22, 34, 22, 5, 2, 42, 7, 31, 32, 17, 31, 17, 38, 17, 45, 44, 11, 44, 12, 12, 33, 19, 27, 43, 15, 14, 31]
Average Turnaround Time: 1210.11
Average Waiting Time: 1185.33
Standard deviation of waiting times: 715.2084738731778
Standard deviation of turnaround times: 716.2793155606269

Process ID	Waiting Time	Turnaround Time	Completion Time
39	0	27	27
57	27	41	41
71	41	61	61
73	61	74	74
80	74	96	96
81	96	136	136
91	136	161	161
17	160	162	163
20	162	171	172
31	171	179	180
34	179	189	190
47	189	199	200
61	199	204	205
66	204	242	243
88	242	245	246
12	244	293	295
65	292	331	334
75	331	361	364
93	361	408	411
8	406	447	452
9	447	490	495
13	490	513	518
15	513	561	566
19	561	609	614
35	609	642	647
37	642	676	681
76	676	706	711
77	706	713	718
89	713	723	728
7	722	765	771
23	765	778	784
59	778	806	812
83	806	825	831
4	824	827	834
5	827	843	850
16	843	872	879
18	872	906	913
22	906	948	955
30	948	969	976
94	969	998	1005
99	998	1036	1043
11	1035	1044	1052
51	1044	1064	1072
54	1064	1094	1102
74	1094	1110	1118
97	1110	1137	1145
10	1136	1150	1159
27	1150	1154	1163
28	1154	1166	1175
38	1166	1173	1182
40	1173	1177	1186
64	1177	1191	1200
72	1191	1199	1208
90	1199	1238	1247
14	1237	1255	1265
45	1255	1270	1280
84	1270	1305	1315
41	1304	1325	1336
63	1325	1363	1374
82	1363	1393	1404
33	1392	1413	1425
42	1413	1460	1472
1	1459	1489	1502
24	1489	1529	1542
25	1529	1575	1588
44	1575	1597	1610
86	1597	1613	1626
6	1612	1631	1645
95	1631	1638	1652
100	1638	1640	1654
2	1639	1677	1692
26	1677	1707	1722
53	1707	1726	1741
87	1726	1731	1746
92	1731	1743	1758
96	1743	1790	1805
98	1790	1803	1818
3	1802	1836	1852
21	1836	1840	1856
29	1840	1879	1895
46	1879	1927	1943
50	1927	1961	1977
58	1961	1993	2009
68	1993	1999	2015
48	1998	2018	2035
56	2018	2056	2073
69	2056	2086	2103
52	2085	2130	2148
60	2130	2164	2182
62	2164	2175	2193
67	2175	2176	2194
70	2176	2216	2234
78	2216	2247	2265
79	2247	2288	2306
49	2287	2298	2317
85	2298	2335	2354
32	2334	2351	2371
36	2351	2395	2415
43	2395	2444	2464
55	2444	2455	2475

ARRIVAL TIMES: [13, 15, 16, 7, 7, 14, 6, 5, 5, 9, 8, 2, 5, 10, 5, 7, 1, 7, 5, 1, 16, 7, 6, 13, 13, 15, 9, 9, 16, 7, 1, 20, 12, 1, 5, 20, 5, 9, 0, 9, 11, 12, 20, 13, 10, 16, 1, 17, 19, 16, 8, 18, 15, 8, 20, 17, 0, 16, 6, 18, 1, 18, 11, 9, 3, 1, 18, 16, 17, 18, 0, 9, 0, 8, 3, 5, 5, 18, 18, 0, 0, 11, 6, 10, 19, 13, 15, 1, 5, 9, 0, 15, 3, 7, 14, 15, 8, 15, 7, 14]

BURST TIMES: [30, 38, 34, 3, 16, 19, 43, 41, 43, 14, 9, 49, 23, 18, 48, 29, 2, 34, 48, 9, 4, 42, 13, 40, 46, 30, 4, 12, 39, 21, 8, 17, 21, 10, 33, 44, 34, 7, 27, 4, 21, 47, 49, 22, 15, 48, 10, 20, 11, 34, 20, 45, 19, 30, 11, 38, 14, 32, 28, 34, 5, 11, 38, 14, 39, 38, 1, 6, 30, 40, 20, 8, 13, 16, 30, 30, 7, 31, 41, 22, 40, 30, 19, 35, 37, 16, 5, 3, 10, 39, 25, 12, 47, 29, 7, 47, 27, 13, 38, 2]
Average Turnaround Time: 1200.72
Average Waiting Time: 1175.97
Standard deviation of waiting times: 701.01318753644
Standard deviation of turnaround times: 702.3918860579186

Process ID	Waiting Time	Turnaround Time	Completion Time
19	0	7	7
24	7	12	12
39	12	27	27
44	27	34	34
47	34	52	52
55	52	87	87
64	87	122	122
88	122	157	157
2	156	174	175
18	174	197	198
42	197	225	226
50	225	255	256
72	255	292	293
3	291	315	317
14	315	359	361
20	359	382	384
32	382	427	429
38	427	428	430
87	428	470	472
16	469	475	478
37	475	503	506
78	503	537	540
84	537	581	584
85	581	608	611
89	608	623	626
41	622	640	644
43	640	685	689
56	685	723	727
62	723	731	735
73	731	765	769
77	765	814	818
34	813	835	840
40	835	857	862
48	857	902	907
36	901	943	949
5	942	958	965
51	958	967	974
63	967	1008	1015
97	1008	1024	1031
99	1024	1027	1034
6	1026	1071	1079
81	1071	1094	1102
94	1094	1103	1111
98	1103	1125	1133
25	1124	1146	1155
33	1146	1185	1194
45	1185	1198	1207
53	1198	1238	1247
67	1238	1272	1281
76	1272	1296	1305
90	1296	1307	1316
95	1307	1324	1333
26	1323	1362	1372
69	1362	1406	1416
71	1406	1438	1448
79	1438	1448	1458
17	1447	1457	1468
27	1457	1496	1507
46	1496	1525	1536
60	1525	1565	1576
12	1564	1585	1597
15	1585	1621	1633
58	1621	1648	1660
70	1648	1657	1669
80	1657	1658	1670
8	1657	1707	1720
11	1707	1742	1755
35	1742	1787	1800
59	1787	1831	1844
9	1830	1852	1866
21	1852	1873	1887
93	1873	1880	1894
13	1879	1894	1909
31	1894	1899	1914
57	1899	1907	1922
75	1907	1913	1928
92	1913	1950	1965
1	1949	1981	1997
7	1981	2012	2028
30	2012	2018	2034
49	2018	2056	2072
65	2056	2088	2104
82	2088	2089	2105
28	2088	2116	2133
61	2116	2161	2178
74	2161	2181	2198
83	2181	2219	2236
86	2219	2250	2267
10	2249	2255	2273
23	2255	2268	2286
52	2268	2286	2304
54	2286	2300	2318
100	2300	2341	2359
66	2340	2368	2387
96	2368	2393	2412
4	2392	2433	2453
22	2433	2448	2468
29	2448	2489	2509
68	2489	2524	2544
91	2524	2571	2591

ARRIVAL TIMES: [16, 1, 2, 20, 7, 8, 16, 13, 14, 18, 13, 12, 15, 2, 12, 3, 11, 1, 0, 2, 14, 20, 18, 0, 9, 10, 11, 17, 20, 16, 15, 2, 9, 5, 13, 6, 3, 2, 0, 5, 4, 1, 4, 0, 9, 11, 0, 5, 16, 1, 7, 18, 9, 18, 0, 4, 15, 12, 13, 11, 17, 4, 7, 0, 16, 19, 9, 20, 10, 12, 10, 1, 4, 17, 15, 9, 4, 3, 10, 12, 8, 16, 17, 3, 3, 17, 2, 0, 3, 9, 20, 15, 14, 8, 9, 19, 7, 8, 7, 18]

BURST TIMES: [32, 18, 24, 41, 16, 45, 31, 50, 22, 6, 35, 21, 15, 44, 36, 6, 10, 23, 7, 23, 21, 15, 13, 5, 22, 39, 39, 28, 41, 6, 5, 45, 39, 22, 45, 42, 28, 1, 15, 22, 18, 28, 45, 7, 13, 29, 18, 45, 38, 30, 9, 18, 40, 14, 35, 38, 8, 27, 44, 40, 45, 8, 41, 35, 32, 28, 34, 35, 44, 9, 32, 37, 34, 20, 6, 24, 49, 34, 10, 1, 23, 1, 38, 44, 27, 31, 42, 35, 15, 11, 47, 37, 7, 9, 17, 25, 16, 22, 3, 41]
Average Turnaround Time: 1285.35
Average Waiting Time: 1259.44
Standard deviation of waiting times: 746.3029722572462
Standard deviation of turnaround times: 746.7760490937025

Process ID	Waiting Time	Turnaround Time	Completion Time
10	0	3	3
25	3	43	43
30	43	82	82
62	82	88	88
81	88	113	113
7	112	143	144
13	143	155	156
48	155	164	165
93	164	202	203
4	201	211	213
17	211	227	229
35	227	264	266
61	264	289	291
12	288	331	334
57	331	364	367
58	364	385	388
65	385	392	395
22	391	402	406
59	402	434	438
97	434	451	455
18	450	491	496
44	491	526	531
49	526	572	577
83	572	617	622
90	617	622	627
16	621	624	630
52	624	671	677
55	671	713	719
72	713	725	731
1	724	744	751
23	744	753	760
29	753	786	793
36	786	793	800
39	793	795	802
60	795	819	826
67	819	821	828
70	821	827	834
32	826	864	872
47	864	879	887
37	878	898	907
80	898	948	957
82	948	983	992
98	983	1017	1026
27	1016	1060	1070
31	1060	1096	1106
34	1096	1135	1145
38	1135	1145	1155
54	1145	1183	1193
19	1182	1183	1194
46	1183	1188	1199
85	1188	1199	1210
86	1199	1221	1232
50	1220	1237	1249
77	1237	1273	1285
89	1273	1303	1315
94	1303	1328	1340
2	1327	1346	1359
6	1346	1361	1374
11	1361	1367	1380
20	1367	1394	1407
71	1394	1400	1413
75	1400	1421	1434
88	1421	1443	1456
96	1443	1472	1485
64	1471	1513	1527
87	1513	1559	1573
99	1559	1568	1582
9	1567	1589	1604
21	1589	1636	1651
26	1636	1677	1692
33	1677	1681	1696
51	1681	1695	1710
8	1694	1724	1740
45	1724	1742	1758
53	1742	1755	1771
56	1755	1763	1779
100	1763	1771	1787
3	1770	1807	1824
5	1807	1824	1841
40	1824	1861	1878
41	1861	1876	1893
63	1876	1910	1927
68	1910	1946	1963
69	1946	1993	2010
76	1993	2029	2046
78	2029	2054	2071
79	2054	2102	2119
14	2101	2111	2129
24	2111	2131	2149
73	2131	2156	2174
84	2156	2201	2219
91	2201	2234	2252
92	2234	2279	2297
95	2278	2280	2299
15	2279	2304	2324
28	2304	2314	2334
42	2314	2333	2353
43	2333	2349	2369
66	2349	2352	2372
74	2352	2397	2417

ARRIVAL TIMES: [7, 13, 17, 2, 17, 13, 1, 16, 15, 0, 13, 3, 1, 18, 20, 6, 2, 5, 11, 13, 15, 4, 7, 18, 0, 15, 10, 20, 7, 0, 10, 8, 15, 10, 2, 7, 9, 10, 7, 17, 17, 20, 20, 5, 16, 11, 8, 1, 5, 12, 15, 6, 16, 10, 6, 16, 3, 3, 4, 7, 2, 0, 17, 14, 3, 20, 7, 17, 17, 7, 13, 6, 18, 20, 13, 17, 12, 17, 17, 9, 0, 9, 5, 18, 11, 11, 14, 13, 12, 5, 18, 18, 1, 12, 19, 13, 4, 9, 14, 16]

BURST TIMES: [20, 19, 37, 10, 17, 15, 31, 30, 22, 3, 6, 43, 12, 10, 25, 3, 16, 41, 1, 27, 47, 11, 9, 20, 40, 41, 44, 10, 33, 39, 36, 38, 4, 39, 37, 7, 20, 10, 2, 37, 15, 19, 16, 35, 18, 5, 15, 9, 46, 17, 14, 47, 13, 38, 42, 8, 33, 21, 32, 24, 25, 6, 34, 42, 7, 3, 2, 36, 47, 6, 6, 12, 25, 45, 21, 36, 36, 25, 48, 50, 25, 35, 45, 45, 11, 22, 46, 22, 30, 5, 33, 45, 38, 25, 2, 29, 17, 34, 9, 8]
Average Turnaround Time: 1195.02
Average Waiting Time: 1170.85
Standard deviation of waiting times: 688.9068206223538
Standard deviation of turnaround times: 689.4300106609808

===================================================================================================================================================================Process ID	Waiting Time	Turnaround Time	Completion Time
38	0	22	22
92	22	27	27
41	26	38	39
90	38	66	67
96	66	96	97
46	95	103	105
67	103	117	119
95	117	129	131
98	129	134	136
2	133	135	138
20	135	138	141
86	138	160	163
100	160	185	188
15	184	190	194
74	190	207	211
99	207	211	215
4	210	226	231
18	226	242	247
24	242	244	249
29	244	256	261
31	256	270	275
51	270	289	294
68	289	305	310
83	305	315	320
6	314	315	321
12	314	323	330
37	323	329	336
45	329	357	364
58	357	375	382
14	374	400	408
21	400	408	416
47	408	423	431
62	423	431	439
23	430	442	451
35	441	450	460
42	450	455	465
44	455	480	490
8	479	494	505
34	494	516	527
78	516	530	541
97	530	550	561
49	549	562	574
52	562	563	575
73	563	591	603
80	591	593	605
9	592	619	632
10	619	635	648
36	635	650	663
75	650	656	669
88	656	674	687
3	673	687	701
11	687	714	728
22	714	738	752
48	738	758	772
71	758	777	791
85	777	797	811
93	797	810	824
32	809	819	834
55	819	826	841
64	826	848	863
66	848	863	878
69	863	866	881
81	866	868	883
17	867	884	900
60	884	909	925
63	909	920	936
39	919	929	946
76	929	956	973
79	956	964	981
84	964	991	1008
94	991	1010	1027
50	1009	1011	1029
77	1011	1019	1037
16	1018	1020	1039
65	1020	1038	1057
26	1037	1065	1085
13	1064	1085	1106
25	1085	1099	1120
56	1099	1129	1150
70	1129	1150	1171
40	1149	1171	1193
82	1171	1187	1209
59	1186	1198	1221
1	1197	1216	1240
30	1216	1229	1253
33	1229	1256	1280
5	1255	1274	1299
28	1273	1293	1319
89	1293	1323	1349
19	1322	1333	1360
54	1333	1338	1365
91	1338	1341	1368
43	1340	1355	1383
57	1355	1365	1393
72	1365	1376	1404
53	1375	1383	1412
61	1383	1412	1441
7	1411	1418	1448
27	1418	1423	1453
87	1423	1426	1456

ARRIVAL TIMES: [24, 3, 14, 5, 25, 6, 30, 11, 13, 13, 14, 7, 21, 8, 4, 19, 16, 5, 27, 3, 8, 14, 9, 5, 21, 20, 30, 26, 5, 24, 5, 15, 24, 11, 10, 13, 7, 0, 17, 22, 1, 10, 28, 10, 7, 2, 8, 14, 12, 18, 5, 12, 29, 27, 15, 21, 28, 7, 23, 16, 29, 8, 16, 15, 19, 15, 2, 5, 15, 21, 14, 28, 12, 4, 13, 17, 18, 11, 17, 12, 15, 22, 5, 17, 14, 3, 30, 13, 26, 1, 27, 0, 14, 17, 2, 1, 11, 2, 4, 3]

BURST TIMES: [19, 2, 14, 16, 19, 1, 7, 15, 27, 16, 27, 9, 21, 26, 6, 2, 17, 16, 11, 3, 8, 24, 12, 2, 14, 28, 5, 20, 12, 13, 14, 10, 27, 22, 9, 15, 6, 22, 10, 22, 12, 5, 15, 25, 28, 8, 15, 20, 13, 2, 19, 1, 8, 5, 7, 30, 10, 18, 12, 25, 29, 8, 11, 22, 18, 15, 14, 16, 3, 21, 19, 11, 28, 17, 6, 27, 8, 14, 8, 2, 2, 16, 10, 27, 20, 22, 3, 18, 30, 28, 3, 5, 13, 19, 12, 30, 20, 5, 4, 25]
Average Turnaround Time: 707.93
Average Waiting Time: 693.37
Standard deviation of waiting times: 422.9070501895186
Standard deviation of turnaround times: 423.3714741217221

Process ID	Waiting Time	Turnaround Time	Completion Time
27	0	16	16
50	16	24	24
67	24	25	25
73	25	33	33
75	33	41	41
15	40	68	69
41	68	89	90
65	89	93	94
22	92	106	108
51	106	108	110
55	108	115	117
59	115	125	127
4	124	150	153
12	150	178	181
23	178	181	184
45	181	197	200
54	197	200	203
88	200	224	227
90	224	254	257
96	254	281	284
6	280	309	313
81	309	319	323
85	319	340	344
98	340	346	350
19	345	351	356
20	351	352	357
44	352	379	384
74	379	398	403
17	397	416	422
68	416	425	431
91	425	430	436
93	430	451	457
11	450	471	478
69	471	494	501
92	494	524	531
95	524	542	549
57	541	564	572
87	564	584	592
26	583	594	603
63	594	600	609
83	600	605	614
97	605	619	628
31	618	625	635
49	625	644	654
56	644	653	663
10	652	674	685
34	673	694	706
89	694	709	721
100	709	722	734
9	721	730	743
18	730	759	772
86	759	770	783
36	769	791	805
47	791	794	808
16	792	803	819
37	803	814	830
70	814	822	838
71	822	850	866
79	850	871	887
48	870	877	894
99	877	883	900
8	882	887	905
52	887	894	912
14	893	897	916
29	896	911	931
58	911	936	956
32	935	942	963
43	942	968	989
61	968	991	1012
64	991	1011	1032
77	1011	1012	1033
2	1011	1035	1057
5	1035	1060	1082
72	1060	1087	1109
33	1086	1097	1120
40	1097	1100	1123
53	1100	1104	1127
78	1104	1130	1153
7	1129	1158	1182
38	1158	1169	1193
39	1169	1183	1207
62	1183	1192	1216
24	1191	1195	1220
28	1195	1214	1239
30	1214	1228	1253
66	1228	1257	1282
21	1256	1270	1296
42	1270	1287	1313
3	1286	1308	1335
84	1308	1331	1358
94	1331	1340	1367
25	1339	1344	1372
80	1344	1364	1392
82	1364	1373	1401
1	1372	1401	1430
13	1401	1430	1459
76	1430	1432	1461
35	1431	1461	1491
46	1461	1474	1504
60	1474	1484	1514

ARRIVAL TIMES: [29, 22, 27, 3, 22, 4, 24, 18, 13, 11, 7, 3, 29, 19, 1, 16, 6, 13, 5, 5, 26, 2, 3, 25, 28, 9, 0, 25, 20, 25, 10, 21, 23, 12, 30, 14, 16, 24, 24, 23, 1, 26, 21, 5, 3, 30, 14, 17, 10, 0, 2, 18, 23, 3, 2, 10, 8, 20, 2, 30, 21, 24, 9, 21, 1, 25, 0, 6, 7, 16, 16, 22, 0, 5, 0, 29, 21, 23, 16, 28, 4, 28, 9, 27, 4, 13, 8, 3, 12, 3, 6, 7, 6, 27, 7, 3, 9, 4, 17, 12]

BURST TIMES: [29, 24, 22, 26, 25, 29, 29, 5, 9, 22, 21, 28, 29, 4, 28, 11, 19, 29, 6, 1, 14, 14, 3, 4, 5, 11, 16, 19, 15, 14, 7, 7, 11, 21, 30, 22, 11, 11, 14, 3, 21, 17, 26, 27, 16, 13, 3, 7, 19, 8, 2, 7, 4, 3, 7, 9, 23, 25, 10, 10, 23, 9, 6, 20, 4, 29, 1, 9, 23, 8, 28, 27, 8, 19, 8, 2, 1, 26, 21, 20, 10, 9, 5, 23, 21, 11, 20, 24, 15, 30, 5, 30, 21, 9, 18, 27, 14, 6, 6, 13]
Average Turnaround Time: 730.63
Average Waiting Time: 715.49
Standard deviation of waiting times: 429.60711109105256
Standard deviation of turnaround times: 430.3020022031039

Process ID	Waiting Time	Turnaround Time	Completion Time
57	0	30	30
80	30	47	47
64	46	55	56
76	55	79	80
98	78	94	96
60	93	120	123
49	119	141	145
81	141	162	166
92	162	173	177
93	173	176	180
11	175	177	182
13	177	190	195
15	190	195	200
51	195	216	221
22	215	216	222
59	216	221	227
20	220	250	257
1	249	267	275
4	267	287	295
6	287	307	315
68	307	315	323
88	315	343	351
17	342	357	366
31	357	370	379
39	370	371	380
47	371	390	399
53	390	419	428
56	418	434	444
62	434	463	473
24	462	468	479
46	468	482	493
87	482	497	508
34	496	508	520
38	508	521	533
70	521	532	544
96	532	553	565
18	552	553	566
26	553	580	593
78	579	589	603
89	589	611	625
3	610	620	635
23	620	623	638
45	623	648	663
84	648	669	684
16	668	671	687
32	671	698	714
48	698	702	718
54	702	706	722
91	706	723	739
97	723	727	743
63	726	736	753
66	736	739	756
75	739	769	786
5	768	769	787
65	769	786	804
30	785	815	834
83	815	831	850
85	831	842	861
36	841	870	890
42	870	889	909
74	889	903	923
10	902	911	932
12	911	924	945
19	924	941	962
35	941	959	980
79	959	965	986
8	964	991	1013
44	991	1000	1022
58	1000	1010	1032
77	1010	1027	1049
28	1026	1046	1069
50	1046	1055	1078
71	1055	1059	1082
99	1059	1088	1111
61	1087	1097	1121
40	1096	1104	1129
41	1104	1130	1155
72	1130	1155	1180
14	1154	1175	1201
29	1175	1192	1218
43	1192	1214	1240
73	1214	1215	1241
82	1215	1221	1247
90	1221	1232	1258
69	1231	1254	1281
86	1254	1271	1298
94	1271	1272	1299
7	1271	1292	1320
9	1292	1299	1327
27	1299	1326	1354
2	1325	1351	1380
21	1351	1359	1388
25	1359	1389	1418
37	1389	1392	1421
55	1392	1412	1441
67	1412	1417	1446
95	1417	1447	1476
100	1447	1463	1492
33	1462	1483	1513
52	1483	1501	1531

ARRIVAL TIMES: [8, 29, 15, 8, 18, 8, 28, 22, 28, 21, 5, 21, 5, 26, 5, 16, 9, 13, 21, 7, 29, 6, 15, 11, 29, 13, 28, 23, 26, 19, 9, 16, 30, 12, 21, 20, 29, 12, 9, 25, 25, 20, 26, 22, 15, 11, 9, 16, 4, 23, 5, 30, 9, 16, 29, 10, 0, 22, 6, 3, 24, 10, 17, 1, 18, 17, 29, 8, 27, 12, 23, 25, 26, 20, 17, 1, 22, 14, 21, 0, 4, 26, 19, 15, 19, 27, 11, 8, 14, 26, 16, 4, 4, 27, 29, 12, 16, 2, 23, 29]

BURST TIMES: [18, 26, 10, 20, 1, 20, 21, 27, 7, 9, 2, 13, 13, 21, 5, 3, 15, 1, 17, 30, 8, 1, 3, 6, 30, 27, 27, 20, 17, 30, 13, 27, 21, 12, 18, 29, 3, 13, 1, 8, 26, 19, 22, 9, 25, 14, 19, 4, 22, 9, 21, 18, 29, 4, 20, 16, 30, 10, 5, 27, 10, 29, 10, 9, 17, 3, 5, 8, 23, 11, 4, 25, 1, 14, 30, 24, 17, 10, 6, 17, 21, 6, 16, 21, 11, 17, 15, 28, 22, 11, 17, 11, 3, 1, 30, 21, 4, 16, 29, 16]
Average Turnaround Time: 751.34
Average Waiting Time: 736.03
Standard deviation of waiting times: 419.85081767218225
Standard deviation of turnaround times: 420.0387891611917

Process ID	Waiting Time	Turnaround Time	Completion Time
27	0	7	7
85	7	22	22
11	21	28	29
53	28	39	40
56	39	50	51
69	50	56	57
76	56	59	60
96	59	80	81
9	79	100	102
46	100	129	131
21	128	145	148
13	144	169	173
16	168	197	202
40	197	202	207
41	202	228	233
47	228	232	237
50	232	234	239
55	234	259	264
78	259	278	283
81	278	304	309
25	303	305	311
39	305	316	322
60	316	326	332
8	325	347	354
32	347	349	356
34	349	375	382
52	375	402	409
54	402	426	433
59	426	431	438
68	431	457	464
44	456	483	491
2	482	501	510
42	501	518	527
65	518	545	554
66	545	555	564
82	555	574	583
86	574	594	603
49	593	622	632
93	622	637	647
87	636	646	657
15	645	654	666
73	654	670	682
88	670	674	686
24	673	678	691
28	678	698	711
61	698	704	717
63	704	714	727
92	714	729	742
1	728	743	757
20	743	744	758
35	744	764	778
29	763	786	801
64	786	809	824
30	808	823	839
58	823	847	863
67	847	862	878
94	862	866	882
4	865	882	899
97	882	910	927
6	909	917	935
26	917	938	956
14	937	949	968
100	949	979	998
71	978	997	1017
79	997	1004	1024
89	1004	1011	1031
45	1010	1027	1048
62	1027	1044	1065
90	1044	1071	1092
19	1069	1096	1119
23	1096	1120	1143
38	1120	1129	1152
95	1129	1145	1168
51	1144	1171	1195
72	1171	1178	1202
75	1178	1195	1219
83	1195	1196	1220
91	1196	1204	1228
7	1203	1213	1238
12	1213	1218	1243
17	1218	1242	1267
36	1242	1253	1278
37	1253	1257	1282
48	1257	1271	1296
57	1271	1279	1304
70	1279	1308	1333
84	1308	1311	1336
22	1310	1339	1365
77	1339	1345	1371
3	1344	1373	1400
80	1373	1393	1420
98	1393	1404	1431
33	1403	1409	1437
5	1408	1410	1439
31	1410	1438	1467
99	1438	1458	1487
10	1457	1479	1509
18	1479	1494	1524
43	1494	1516	1546
74	1516	1530	1560

ARRIVAL TIMES: [14, 9, 27, 17, 29, 18, 25, 7, 2, 30, 1, 25, 4, 19, 12, 5, 25, 30, 23, 14, 3, 26, 23, 13, 6, 18, 0, 13, 15, 16, 29, 7, 28, 7, 14, 25, 25, 23, 6, 5, 5, 9, 30, 8, 21, 2, 5, 25, 10, 5, 24, 7, 1, 7, 5, 1, 25, 16, 7, 6, 13, 21, 13, 15, 9, 9, 16, 7, 1, 25, 20, 24, 12, 30, 24, 1, 26, 5, 20, 27, 5, 9, 24, 25, 0, 9, 11, 12, 20, 21, 24, 13, 10, 16, 23, 1, 17, 27, 29, 19]

BURST TIMES: [15, 19, 29, 17, 2, 8, 10, 22, 21, 22, 7, 5, 25, 12, 9, 29, 24, 15, 27, 1, 17, 29, 24, 5, 2, 21, 7, 20, 23, 15, 28, 2, 6, 26, 20, 11, 4, 9, 11, 5, 26, 17, 22, 27, 17, 29, 4, 14, 29, 2, 27, 27, 11, 24, 25, 11, 8, 24, 5, 10, 6, 17, 10, 23, 27, 10, 15, 26, 6, 29, 19, 7, 16, 14, 17, 3, 6, 19, 7, 20, 26, 19, 1, 3, 15, 20, 10, 4, 7, 27, 8, 15, 15, 4, 16, 21, 28, 11, 20, 30]
Average Turnaround Time: 770.95
Average Waiting Time: 755.35
Standard deviation of waiting times: 447.49686870412853
Standard deviation of turnaround times: 447.5641266902431

Process ID	Waiting Time	Turnaround Time	Completion Time
4	0	12	12
6	12	41	41
58	41	48	48
64	48	67	67
84	67	83	83
89	83	101	101
96	101	118	118
30	117	128	129
33	128	148	149
55	148	162	163
87	162	179	180
99	179	207	208
36	206	209	211
51	209	220	222
59	220	250	252
75	250	270	272
83	270	288	290
22	287	314	317
53	314	340	343
81	340	361	364
3	360	369	373
24	369	381	385
86	381	410	414
88	410	437	441
19	436	466	471
77	466	489	494
85	489	503	508
97	503	513	518
79	512	516	522
18	515	518	525
28	518	521	528
38	521	551	558
100	551	563	570
25	562	573	581
41	573	593	601
65	592	607	616
76	607	636	645
90	636	663	672
29	662	690	700
66	690	695	705
5	694	715	726
54	715	745	756
68	745	765	776
95	765	792	803
26	791	799	811
49	799	800	812
52	800	809	821
10	808	833	846
43	833	844	857
46	844	865	878
78	865	892	905
44	891	917	931
60	917	932	946
11	931	942	957
50	942	950	965
74	950	972	987
2	971	999	1015
32	999	1028	1044
42	1028	1055	1071
72	1055	1059	1075
98	1059	1062	1078
16	1061	1083	1100
69	1083	1090	1107
8	1089	1112	1130
21	1112	1124	1142
45	1124	1147	1165
63	1147	1170	1188
14	1168	1179	1199
31	1179	1199	1219
37	1199	1229	1249
62	1229	1258	1278
70	1258	1276	1296
9	1275	1291	1312
39	1291	1294	1315
61	1294	1303	1324
71	1303	1322	1343
82	1322	1348	1369
91	1348	1370	1391
20	1368	1373	1396
92	1373	1378	1401
1	1377	1393	1417
47	1393	1420	1444
56	1420	1443	1467
57	1443	1447	1471
12	1446	1449	1474
17	1449	1467	1492
27	1467	1474	1499
15	1473	1481	1507
23	1481	1485	1511
48	1485	1499	1525
13	1498	1516	1543
35	1516	1537	1564
67	1537	1546	1573
93	1546	1562	1589
7	1561	1569	1597
73	1569	1583	1611
40	1582	1605	1634
80	1605	1633	1662
34	1632	1646	1676
94	1646	1665	1695

ARRIVAL TIMES: [24, 16, 4, 0, 11, 0, 28, 18, 21, 13, 15, 25, 27, 20, 26, 17, 25, 7, 5, 23, 18, 3, 26, 4, 8, 12, 25, 7, 10, 1, 20, 16, 1, 30, 27, 2, 20, 7, 21, 29, 8, 16, 13, 14, 18, 13, 24, 26, 12, 15, 2, 12, 3, 11, 1, 24, 24, 0, 2, 14, 21, 20, 18, 0, 9, 10, 27, 11, 17, 20, 21, 16, 28, 15, 2, 9, 5, 13, 6, 29, 3, 21, 2, 0, 5, 4, 1, 4, 0, 9, 21, 23, 27, 30, 11, 0, 5, 16, 1, 7]

BURST TIMES: [16, 28, 9, 12, 21, 29, 8, 23, 16, 25, 11, 3, 18, 11, 8, 22, 18, 3, 30, 5, 12, 27, 4, 12, 11, 8, 7, 3, 28, 11, 20, 29, 20, 14, 21, 3, 30, 30, 3, 23, 20, 27, 11, 26, 23, 21, 27, 14, 1, 8, 11, 9, 26, 30, 14, 23, 4, 7, 30, 15, 9, 29, 23, 19, 15, 5, 9, 20, 7, 18, 19, 4, 14, 22, 20, 29, 23, 27, 4, 28, 21, 26, 18, 16, 14, 29, 17, 27, 18, 27, 22, 5, 16, 19, 27, 17, 10, 3, 28, 12]
Average Turnaround Time: 869.81
Average Waiting Time: 852.86
Standard deviation of waiting times: 489.14435537988174
Standard deviation of turnaround times: 488.21465965290315

Process ID	Waiting Time	Turnaround Time	Completion Time
19	0	28	28
36	28	49	49
64	49	58	58
72	58	77	77
33	76	81	82
41	81	101	102
97	101	119	120
13	118	120	122
30	120	146	148
50	146	151	153
79	151	163	165
24	162	170	173
39	170	175	178
23	174	176	180
57	176	194	198
7	193	219	224
51	219	220	225
90	220	223	228
98	223	241	246
48	240	244	250
27	243	272	279
61	272	277	284
71	277	284	291
81	284	287	294
84	287	308	315
21	307	312	320
75	312	329	337
94	329	342	350
82	341	368	377
8	367	383	393
10	383	412	422
66	412	439	449
73	439	460	470
78	460	476	486
83	476	493	503
52	492	511	522
93	511	539	550
2	538	548	560
18	548	570	582
100	570	594	606
28	593	594	607
32	594	600	613
37	600	626	639
54	626	636	649
11	635	646	660
20	646	652	666
35	651	671	686
56	671	679	694
65	679	708	723
76	708	719	734
14	718	744	760
22	744	757	773
34	757	767	783
92	767	773	789
3	772	791	808
29	791	805	822
31	805	829	846
86	829	831	848
87	831	832	849
16	831	859	877
42	859	877	895
62	877	900	918
43	898	924	944
68	924	948	968
88	948	966	986
89	966	990	1010
47	989	1008	1029
53	1008	1016	1037
58	1016	1025	1046
4	1024	1029	1051
6	1029	1037	1059
9	1037	1052	1074
15	1052	1082	1104
59	1082	1085	1107
46	1084	1104	1127
74	1104	1108	1131
85	1108	1112	1135
1	1111	1121	1145
44	1121	1140	1164
60	1140	1148	1172
77	1148	1174	1198
96	1174	1185	1209
26	1184	1210	1235
5	1209	1218	1244
45	1218	1220	1246
55	1220	1246	1272
69	1246	1273	1299
25	1272	1293	1320
67	1293	1300	1327
80	1300	1313	1340
99	1313	1326	1353
17	1325	1328	1356
49	1328	1338	1366
70	1338	1366	1394
63	1365	1394	1423
91	1394	1397	1426
12	1396	1425	1455
38	1425	1447	1477
40	1447	1464	1494
95	1464	1487	1517

ARRIVAL TIMES: [24, 12, 17, 22, 26, 22, 5, 10, 22, 10, 14, 30, 2, 16, 22, 18, 28, 12, 0, 14, 8, 16, 4, 3, 27, 25, 7, 13, 17, 2, 17, 13, 1, 16, 15, 0, 13, 30, 3, 30, 1, 18, 20, 24, 26, 23, 21, 6, 28, 2, 5, 11, 21, 13, 26, 15, 4, 21, 22, 24, 7, 18, 29, 0, 15, 10, 27, 20, 26, 28, 7, 0, 10, 23, 8, 15, 24, 10, 2, 27, 7, 9, 10, 7, 23, 17, 17, 20, 20, 5, 29, 16, 11, 8, 30, 24, 1, 5, 27, 12]

BURST TIMES: [10, 10, 19, 5, 9, 8, 26, 16, 15, 29, 11, 29, 2, 26, 30, 28, 3, 22, 28, 6, 5, 13, 2, 8, 21, 26, 29, 1, 14, 26, 24, 6, 5, 10, 20, 21, 26, 22, 5, 17, 20, 18, 26, 19, 2, 20, 19, 4, 10, 5, 1, 19, 8, 10, 26, 8, 18, 9, 3, 8, 5, 23, 29, 9, 29, 27, 7, 24, 27, 28, 7, 19, 21, 4, 17, 11, 26, 16, 12, 13, 3, 27, 17, 21, 4, 2, 1, 18, 24, 3, 3, 6, 28, 13, 23, 11, 18, 18, 13, 24]
Average Turnaround Time: 727.54
Average Waiting Time: 712.37
Standard deviation of waiting times: 427.79010402298934
Standard deviation of turnaround times: 428.5989598680799
