Waiting Time	Turnaround Time	Completion Time
0	1	1
1	5	5
0	8	13
0	6	19
0	2	21
0	4	25
0	8	33
0	5	38
1	4	41
0	4	45
1	9	53
0	8	61
0	6	67
0	7	74
0	8	82
0	4	86
0	3	89
0	1	90
1	4	93
1	3	95
1	2	96
2	10	104
4	6	106
7	8	107
9	16	114
23	26	117
26	34	125
38	45	132
46	50	136
53	63	146
66	76	156
77	83	162
85	92	169
92	101	178
102	108	184
109	114	189
115	124	198
125	128	201
130	133	204
134	140	210
141	145	214
145	152	221
153	160	228
160	169	237
171	173	239
173	176	242
176	186	252
188	196	260
197	199	262
199	206	269
207	211	273
211	219	281
219	229	291
230	239	300
241	246	305
247	250	308
250	254	312
254	261	319
262	265	322
265	270	327
271	275	331
275	281	337
282	283	338
283	291	346
292	302	356
303	312	365
314	315	366
315	321	372
323	324	373
324	330	379
335	345	389
346	356	399
357	358	400
358	364	406
366	370	410
373	378	415
381	384	418
385	394	427
396	401	432
401	409	440
410	413	443
413	419	449
421	431	459
438	443	464
444	452	472
453	463	482
465	468	485
468	475	492
478	480	494
482	487	499
488	490	501
490	493	504
494	502	512
504	509	517
509	517	525
519	526	532
527	537	542
538	544	548
544	551	555
552	555	558

ARRIVAL TIMES: [28, 0, 69, 91, 5, 42, 40, 31, 10, 33, 57, 51, 74, 20, 49, 63, 86, 30, 94, 67, 34, 66, 61, 77, 63, 8, 21, 62, 86, 59, 51, 17, 53, 69, 74, 44, 68, 49, 62, 89, 21, 71, 56, 12, 53, 4, 0, 56, 68, 8, 6, 44, 11, 19, 13, 77, 58, 62, 17, 58, 55, 99, 64, 57, 43, 92, 33, 100, 89, 58, 54, 42, 83, 66, 66, 19, 94, 30, 41, 79, 4, 87, 25, 82, 75, 73, 80, 61, 3, 14, 37, 55, 31, 91, 37, 11, 5, 76, 70, 98]

BURST TIMES: [10, 1, 7, 8, 10, 1, 4, 8, 8, 5, 3, 1, 9, 8, 6, 2, 4, 6, 1, 7, 3, 10, 6, 7, 7, 5, 5, 8, 3, 5, 6, 3, 8, 4, 8, 10, 7, 1, 10, 1, 4, 3, 4, 5, 9, 6, 4, 6, 9, 8, 7, 8, 2, 10, 6, 9, 3, 4, 7, 4, 1, 1, 8, 5, 10, 2, 9, 2, 3, 7, 10, 6, 10, 3, 2, 2, 8, 3, 4, 6, 7, 7, 8, 4, 5, 3, 10, 9, 3, 2, 5, 8, 5, 3, 3, 3, 8, 6, 6, 7]
Average Turnaround Time: 222.13
Average Waiting Time: 216.55
Standard deviation of waiting times: 180.0153535118602
Standard deviation of turnaround times: 180.3195860132781

Waiting Time	Turnaround Time	Completion Time
0	2	2
1	2	3
0	7	10
0	2	12
0	1	13
0	8	21
1	9	29
1	2	30
0	10	40
1	5	44
1	3	46
0	5	51
0	2	53
0	2	55
4	14	65
0	3	68
1	5	72
1	5	76
0	2	78
1	10	87
1	7	93
0	9	102
2	9	109
10	16	115
19	22	118
23	27	122
27	36	131
37	40	134
42	52	144
53	58	149
60	61	150
61	69	158
70	80	168
83	87	172
88	90	174
90	93	177
95	98	180
98	103	185
104	108	189
110	111	190
111	113	192
113	118	197
123	129	203
130	136	209
139	142	212
145	151	218
154	160	224
162	172	234
174	178	238
179	182	241
184	187	244
194	196	246
197	202	251
202	209	258
209	216	265
218	221	268
222	232	278
239	245	284
246	248	286
248	253	291
253	263	301
264	265	302
265	273	310
274	281	317
282	287	322
287	294	329
294	303	338
310	312	340
313	315	342
315	319	346
319	327	354
328	329	355
329	335	361
336	340	365
341	343	367
343	348	372
350	351	373
351	357	379
361	364	382
365	370	387
370	376	393
377	379	395
379	386	402
390	392	404
392	396	408
396	400	412
400	408	420
408	418	430
420	425	435
425	430	440
432	439	447
439	446	454
447	456	463
458	459	464
459	461	466
463	470	473
472	482	483
482	492	493
493	496	496
496	499	499

ARRIVAL TIMES: [82, 10, 84, 99, 38, 84, 5, 100, 3, 24, 28, 65, 64, 89, 1, 20, 3, 85, 95, 67, 17, 39, 16, 53, 35, 13, 49, 12, 27, 30, 25, 28, 12, 38, 16, 71, 49, 17, 82, 10, 57, 62, 0, 22, 24, 81, 39, 51, 12, 37, 26, 46, 79, 38, 18, 86, 92, 12, 0, 35, 7, 49, 47, 94, 36, 50, 59, 12, 8, 73, 60, 27, 1, 89, 93, 67, 8, 96, 70, 79, 43, 91, 1, 22, 35, 37, 77, 12, 0, 5, 27, 95, 26, 79, 51, 88, 76, 10, 74, 46]

BURST TIMES: [3, 5, 2, 6, 10, 3, 1, 7, 7, 2, 2, 3, 6, 8, 10, 8, 7, 4, 4, 6, 6, 6, 7, 2, 9, 8, 7, 2, 4, 10, 4, 1, 4, 2, 2, 4, 5, 5, 5, 5, 3, 10, 2, 1, 5, 4, 4, 10, 4, 1, 1, 10, 5, 5, 3, 6, 10, 8, 3, 5, 9, 7, 3, 3, 7, 2, 3, 10, 7, 6, 4, 2, 10, 1, 9, 4, 7, 3, 3, 2, 2, 5, 1, 6, 7, 8, 9, 1, 3, 2, 8, 9, 6, 1, 2, 10, 2, 2, 6, 5]
Average Turnaround Time: 200.51
Average Waiting Time: 195.52
Standard deviation of waiting times: 163.18783533094617
Standard deviation of turnaround times: 163.39452224600433

Waiting Time	Turnaround Time	Completion Time
0	3	3
0	2	5
1	5	9
0	2	11
3	12	20
0	7	27
2	5	30
6	7	31
0	3	34
1	8	41
1	4	44
0	9	53
1	9	61
0	1	62
0	6	68
0	9	77
1	8	84
0	3	87
0	7	94
0	5	99
0	9	108
8	16	116
18	19	117
19	26	124
27	29	126
29	31	128
31	35	132
35	40	137
40	46	143
48	53	148
55	63	156
64	66	158
66	69	161
71	72	162
73	83	172
84	93	181
95	100	186
103	111	194
113	114	195
117	126	204
126	135	213
139	140	214
141	143	216
143	148	221
149	157	229
158	162	233
163	170	240
172	181	249
182	192	259
193	197	263
197	202	268
202	207	273
210	216	279
218	226	287
226	235	296
235	245	306
246	249	309
252	261	318
262	263	319
263	265	321
267	272	326
276	279	329
279	283	333
284	289	338
289	296	345
297	299	347
300	302	349
302	305	352
307	316	361
318	327	370
328	333	375
333	342	384
342	352	394
356	357	395
357	363	401
364	370	407
375	382	414
383	391	422
398	401	425
401	406	430
406	416	440
418	424	446
424	432	454
433	439	460
442	447	465
447	456	474
457	462	479
462	472	489
474	479	494
479	489	504
490	498	512
499	502	515
502	506	519
507	513	525
513	520	532
528	533	537
535	542	544
543	548	549
549	554	554
554	564	564

ARRIVAL TIMES: [88, 24, 15, 98, 42, 71, 4, 74, 70, 32, 50, 92, 100, 81, 68, 4, 90, 56, 84, 0, 18, 76, 63, 78, 47, 33, 56, 66, 17, 17, 49, 67, 9, 95, 42, 3, 24, 52, 73, 60, 0, 18, 54, 8, 48, 31, 97, 37, 97, 38, 98, 78, 1, 40, 43, 0, 61, 97, 57, 83, 12, 45, 62, 97, 61, 73, 93, 22, 15, 31, 42, 61, 49, 13, 24, 25, 61, 94, 12, 13, 50, 14, 22, 20, 89, 66, 44, 2, 87, 86, 72, 21, 97, 99, 92, 47, 66, 68, 38, 24]

BURST TIMES: [9, 5, 10, 1, 10, 4, 5, 1, 7, 7, 3, 2, 8, 1, 9, 4, 1, 2, 3, 10, 9, 7, 6, 9, 2, 7, 1, 4, 10, 5, 7, 10, 2, 5, 9, 2, 10, 8, 5, 3, 5, 5, 5, 9, 2, 3, 4, 6, 2, 1, 7, 9, 5, 3, 9, 3, 8, 6, 9, 8, 6, 9, 6, 2, 1, 2, 8, 8, 5, 8, 5, 10, 5, 3, 3, 3, 9, 5, 7, 4, 4, 8, 6, 7, 10, 5, 9, 7, 7, 5, 8, 6, 5, 9, 3, 3, 5, 9, 6, 1]
Average Turnaround Time: 217.71
Average Waiting Time: 212.07
Standard deviation of waiting times: 180.7066824995689
Standard deviation of turnaround times: 181.24074017725707

Waiting Time	Turnaround Time	Completion Time
0	3	5
0	10	15
0	5	20
0	5	25
0	2	27
0	4	31
0	1	32
0	3	35
2	4	37
0	4	41
0	3	44
1	8	51
0	1	52
0	10	62
1	2	63
2	6	67
0	5	72
0	1	73
0	1	74
1	3	76
1	3	78
1	5	82
0	2	84
1	2	85
0	6	91
1	10	100
2	8	106
8	18	116
19	27	124
27	35	132
36	39	135
39	42	138
42	47	143
48	57	152
59	62	155
62	69	162
70	73	165
73	83	175
88	96	183
97	103	189
108	115	196
115	125	206
127	132	211
136	140	215
140	150	225
150	160	235
164	172	243
174	176	245
177	182	250
183	193	260
194	202	268
203	206	271
206	214	279
215	219	283
222	227	288
227	233	294
234	238	298
238	246	306
249	253	310
253	258	315
260	265	320
266	270	324
271	274	327
277	284	334
288	290	336
290	292	338
293	296	341
302	303	342
303	309	348
309	315	354
315	324	363
325	334	372
336	344	380
347	355	388
356	364	396
365	368	399
369	374	404
374	384	414
385	388	417
390	394	421
398	402	425
402	411	434
412	416	438
417	426	447
427	433	453
439	441	455
443	446	458
451	452	459
452	460	467
462	472	477
473	477	481
477	481	485
481	488	492
488	497	501
498	501	504
501	509	512
509	517	520
517	526	529
527	537	539
537	547	549

ARRIVAL TIMES: [7, 30, 23, 7, 64, 30, 27, 53, 86, 55, 60, 39, 39, 65, 31, 4, 81, 97, 51, 96, 5, 20, 82, 20, 39, 96, 3, 38, 46, 50, 83, 85, 98, 54, 41, 67, 92, 4, 68, 79, 66, 32, 75, 60, 32, 81, 90, 69, 2, 67, 27, 75, 5, 73, 46, 36, 92, 96, 14, 4, 75, 65, 71, 73, 3, 39, 2, 33, 15, 21, 98, 23, 75, 72, 3, 2, 93, 45, 97, 25, 43, 77, 52, 61, 4, 87, 95, 22, 37, 3, 61, 12, 31, 57, 61, 33, 93, 61, 29, 57]

BURST TIMES: [8, 10, 9, 1, 4, 5, 4, 3, 6, 5, 8, 1, 9, 3, 1, 4, 10, 8, 1, 3, 10, 6, 2, 5, 6, 3, 9, 9, 2, 7, 1, 6, 6, 4, 3, 5, 3, 9, 5, 5, 8, 3, 10, 4, 8, 7, 9, 2, 3, 10, 4, 10, 10, 1, 2, 8, 10, 5, 2, 4, 4, 8, 8, 2, 8, 6, 10, 8, 5, 9, 10, 4, 2, 1, 3, 10, 7, 3, 8, 2, 7, 4, 10, 1, 7, 8, 9, 4, 4, 8, 4, 3, 3, 5, 5, 2, 3, 6, 3, 4]
Average Turnaround Time: 206.75
Average Waiting Time: 201.28
Standard deviation of waiting times: 178.42225645922093
Standard deviation of turnaround times: 179.1049064096235

Waiting Time	Turnaround Time	Completion Time
0	8	9
1	3	11
0	6	17
1	4	20
0	6	26
1	5	30
0	4	34
1	9	42
0	3	45
0	4	49
1	2	50
2	10	58
2	10	66
0	2	68
0	2	70
1	7	76
1	4	79
1	6	84
0	2	86
1	5	90
0	5	95
1	2	96
5	15	106
6	8	108
8	15	115
26	34	123
36	43	130
43	52	139
54	59	144
60	67	151
68	77	160
78	82	164
83	89	170
90	94	174
97	104	181
107	115	189
116	123	196
124	128	200
129	130	201
130	140	211
142	149	218
149	158	227
161	169	235
170	178	243
179	186	250
187	188	251
188	191	254
191	195	258
196	202	264
203	209	270
211	212	271
216	222	277
222	232	287
236	245	296
252	254	298
254	263	307
266	276	317
277	279	319
279	285	325
286	292	331
292	298	337
298	308	347
309	311	349
311	318	356
318	325	363
326	327	364
328	337	373
337	346	382
350	357	389
357	366	398
367	369	400
369	371	402
371	380	411
383	385	413
385	395	423
398	406	431
408	410	433
411	416	438
418	428	448
429	439	458
439	449	468
450	452	470
452	457	475
459	466	482
467	471	486
472	473	487
473	477	491
478	483	496
484	487	499
488	494	505
499	501	507
501	503	509
503	509	515
510	519	524
521	524	527
524	529	532
529	538	541
538	548	551
549	555	557
556	566	567

ARRIVAL TIMES: [56, 85, 81, 72, 1, 39, 40, 44, 69, 82, 87, 66, 63, 11, 38, 20, 55, 25, 14, 84, 11, 1, 20, 16, 6, 18, 3, 39, 87, 94, 45, 2, 22, 64, 6, 30, 74, 90, 39, 89, 75, 3, 19, 63, 51, 55, 44, 69, 19, 28, 3, 66, 77, 36, 83, 42, 48, 41, 5, 18, 68, 61, 36, 16, 14, 40, 48, 91, 32, 65, 69, 15, 12, 71, 8, 3, 13, 38, 80, 62, 59, 32, 37, 100, 85, 78, 31, 100, 33, 28, 73, 84, 25, 31, 38, 31, 6, 71, 63, 23]

BURST TIMES: [8, 5, 6, 4, 8, 6, 2, 9, 6, 4, 9, 2, 3, 6, 2, 6, 6, 4, 4, 2, 6, 10, 10, 7, 2, 2, 10, 6, 7, 1, 4, 6, 5, 7, 2, 4, 8, 5, 10, 8, 3, 5, 10, 4, 9, 10, 2, 7, 10, 2, 9, 8, 7, 9, 9, 3, 8, 10, 9, 5, 2, 6, 9, 3, 1, 6, 1, 10, 7, 8, 9, 4, 3, 10, 2, 3, 5, 7, 4, 6, 1, 9, 1, 2, 4, 5, 9, 7, 8, 10, 7, 7, 8, 2, 7, 2, 6, 1, 1, 2]
Average Turnaround Time: 231.62
Average Waiting Time: 225.96
Standard deviation of waiting times: 186.43856468016483
Standard deviation of turnaround times: 186.75571102378638

Waiting Time	Turnaround Time	Completion Time
0	2	2
0	2	4
0	4	8
1	3	10
0	3	13
0	1	14
0	9	23
0	10	33
0	3	36
2	6	40
0	5	45
1	11	55
0	7	62
0	2	64
1	4	67
0	3	70
0	10	80
0	7	87
0	6	93
1	5	97
0	5	102
4	9	107
9	14	112
15	23	120
25	26	121
29	36	128
38	46	136
47	48	137
49	50	138
52	56	142
57	59	144
59	64	149
67	69	151
69	74	156
74	83	165
84	91	172
95	96	173
97	100	176
101	110	185
111	118	192
120	121	193
121	123	195
123	132	204
133	135	206
135	141	212
141	147	218
147	156	227
158	161	230
161	171	240
172	181	249
182	192	259
193	194	260
195	196	261
199	202	264
204	207	267
209	211	269
212	221	278
222	224	280
225	234	289
235	238	292
239	245	298
245	255	308
257	260	311
260	264	315
264	269	320
270	277	327
280	285	332
285	293	340
294	295	341
298	307	350
307	317	360
318	319	361
319	322	364
325	333	372
334	341	379
342	351	388
351	361	398
367	368	399
368	374	405
375	382	412
382	391	421
392	394	423
394	400	429
400	410	439
413	417	443
419	423	447
423	432	456
435	438	459
438	445	466
446	455	475
456	464	483
465	473	491
474	479	496
481	483	498
484	494	508
499	506	515
508	512	519
513	522	528
526	528	530
529	533	534

ARRIVAL TIMES: [47, 85, 53, 63, 17, 86, 90, 97, 29, 72, 0, 62, 42, 80, 31, 1, 42, 92, 33, 60, 97, 43, 10, 30, 37, 43, 29, 95, 70, 69, 82, 82, 21, 66, 44, 34, 98, 7, 20, 51, 62, 26, 67, 40, 92, 24, 67, 15, 14, 87, 18, 31, 9, 2, 68, 58, 88, 13, 82, 29, 71, 69, 30, 53, 24, 72, 81, 55, 71, 51, 71, 71, 39, 2, 37, 23, 74, 46, 47, 98, 57, 54, 85, 51, 21, 75, 72, 6, 50, 77, 55, 19, 89, 38, 56, 65, 14, 4, 7, 76]

BURST TIMES: [5, 5, 10, 3, 5, 4, 8, 8, 6, 1, 2, 3, 3, 7, 1, 4, 1, 7, 3, 3, 5, 10, 3, 9, 10, 9, 10, 1, 10, 10, 2, 5, 3, 1, 10, 4, 5, 4, 9, 5, 2, 4, 3, 5, 4, 4, 10, 2, 9, 6, 8, 6, 7, 2, 9, 2, 1, 1, 9, 2, 2, 3, 7, 6, 9, 9, 7, 7, 9, 3, 6, 6, 8, 2, 9, 10, 7, 1, 8, 5, 9, 3, 2, 4, 7, 9, 2, 9, 7, 1, 9, 8, 1, 7, 2, 1, 10, 4, 2, 3]
Average Turnaround Time: 202.84
Average Waiting Time: 197.5
Standard deviation of waiting times: 169.3918829224116
Standard deviation of turnaround times: 169.92849790426558

==========================================================================================================================================================
Waiting Time	Turnaround Time	Completion Time
0	21	21
1	7	27
7	18	38
18	48	68
48	98	118
99	109	128
109	142	161
142	182	201
182	225	244
226	233	251
233	258	276
258	287	305
287	325	343
326	329	346
329	334	351
334	350	367
350	379	396
379	414	431
415	418	434
418	428	444
428	453	469
453	483	499
483	520	536
520	564	580
565	578	593
578	591	606
591	606	621
606	626	641
626	650	665
650	692	707
692	736	751
736	786	801
787	798	812
798	814	828
814	830	844
830	854	868
854	886	900
886	922	936
922	959	973
959	998	1012
998	1041	1055
1042	1045	1058
1045	1050	1063
1050	1066	1079
1066	1091	1104
1091	1120	1133
1120	1154	1167
1155	1164	1176
1164	1183	1195
1183	1206	1218
1206	1235	1247
1236	1237	1248
1237	1242	1253
1242	1253	1264
1254	1257	1267
1257	1277	1287
1277	1301	1311
1301	1336	1346
1336	1375	1385
1375	1423	1433
1424	1425	1434
1425	1452	1461
1452	1496	1505
1497	1506	1514
1506	1518	1526
1518	1549	1557
1549	1588	1596
1589	1592	1599
1592	1608	1615
1608	1625	1632
1625	1649	1656
1649	1681	1688
1682	1732	1738
1733	1736	1741
1736	1750	1755
1750	1768	1773
1768	1788	1793
1788	1815	1820
1815	1845	1850
1845	1877	1882
1878	1905	1909
1905	1942	1946
1942	1980	1984
1980	2020	2024
2021	2042	2045
2042	2070	2073
2070	2098	2101
2098	2148	2151
2149	2158	2160
2158	2176	2178
2176	2203	2205
2203	2231	2233
2231	2273	2275
2274	2282	2283
2282	2292	2293
2292	2308	2309
2308	2329	2330
2329	2360	2361
2361	2384	2384
2384	2427	2427

ARRIVAL TIMES: [16, 5, 3, 8, 14, 9, 5, 20, 5, 5, 15, 11, 10, 13, 7, 0, 17, 1, 10, 10, 7, 2, 8, 14, 12, 18, 5, 12, 15, 7, 16, 8, 16, 15, 19, 15, 2, 5, 15, 14, 12, 4, 13, 17, 18, 11, 17, 12, 15, 5, 17, 14, 3, 13, 1, 0, 14, 17, 2, 1, 11, 2, 4, 3, 19, 14, 15, 4, 14, 13, 16, 14, 10, 8, 14, 13, 10, 20, 16, 16, 4, 7, 10, 19, 1, 6, 20, 18, 18, 20, 15, 0, 3, 9, 13, 7, 9, 2, 1, 19]

BURST TIMES: [37, 3, 28, 31, 37, 1, 14, 30, 32, 18, 42, 11, 3, 34, 32, 21, 5, 16, 48, 24, 3, 27, 9, 39, 23, 25, 27, 19, 44, 17, 30, 12, 44, 20, 43, 24, 9, 30, 50, 16, 29, 40, 25, 3, 38, 1, 16, 9, 13, 20, 35, 24, 50, 16, 21, 43, 36, 29, 28, 31, 5, 42, 38, 21, 33, 11, 15, 27, 16, 3, 3, 32, 20, 39, 43, 5, 35, 6, 10, 25, 37, 24, 39, 10, 8, 50, 50, 7, 29, 11, 13, 23, 28, 27, 29, 16, 44, 18, 10, 40]
Average Turnaround Time: 1196.35
Average Waiting Time: 1172.08
Standard deviation of waiting times: 697.2688388276074
Standard deviation of turnaround times: 697.9223936083438

Waiting Time	Turnaround Time	Completion Time
0	5	5
0	15	20
0	10	30
10	37	57
37	74	94
74	114	134
115	119	138
119	125	144
125	143	162
143	181	200
182	191	209
191	202	220
203	230	247
230	275	292
275	325	342
326	333	349
333	355	371
355	383	399
383	415	431
415	460	476
461	479	494
479	505	520
506	508	522
508	510	524
510	546	560
546	587	601
588	625	638
626	630	642
630	643	655
643	660	672
660	678	690
678	707	719
707	751	763
752	762	773
762	782	793
783	800	810
800	827	837
827	855	865
855	893	903
894	900	909
900	909	918
909	922	931
922	938	947
938	957	966
957	996	1005
996	1037	1046
1037	1079	1088
1079	1123	1132
1124	1132	1140
1132	1148	1156
1148	1177	1185
1177	1216	1224
1217	1230	1237
1230	1252	1259
1252	1297	1304
1298	1304	1310
1304	1316	1322
1316	1328	1334
1328	1343	1349
1343	1360	1366
1360	1400	1406
1400	1444	1450
1444	1490	1496
1491	1506	1511
1506	1543	1548
1543	1584	1589
1585	1596	1600
1596	1610	1614
1610	1630	1634
1630	1656	1660
1656	1701	1705
1702	1703	1706
1703	1706	1709
1706	1713	1716
1713	1724	1727
1724	1745	1748
1745	1773	1776
1773	1807	1810
1807	1849	1852
1849	1896	1899
1896	1945	1948
1946	1953	1955
1953	1961	1963
1961	1970	1972
1970	1981	1983
1981	1995	1997
1995	2026	2028
2027	2048	2049
2048	2069	2070
2069	2097	2098
2097	2144	2145
2145	2151	2151
2151	2159	2159
2159	2172	2172
2172	2194	2194
2194	2217	2217
2217	2251	2251
2251	2292	2292
2292	2338	2338
2338	2388	2388

ARRIVAL TIMES: [3, 9, 0, 20, 10, 12, 14, 16, 1, 5, 3, 14, 17, 10, 0, 2, 18, 3, 2, 10, 8, 20, 2, 9, 1, 0, 6, 7, 16, 16, 0, 5, 0, 16, 4, 9, 4, 13, 8, 3, 12, 3, 6, 7, 6, 7, 3, 9, 4, 17, 12, 4, 20, 2, 14, 15, 0, 5, 6, 20, 9, 12, 3, 9, 6, 11, 19, 9, 4, 3, 0, 8, 1, 12, 11, 9, 12, 14, 3, 2, 18, 15, 6, 0, 16, 2, 17, 19, 10, 0, 5, 8, 9, 19, 3, 0, 1, 6, 6, 19]

BURST TIMES: [47, 44, 50, 10, 17, 44, 41, 7, 21, 37, 11, 2, 27, 27, 5, 7, 9, 21, 31, 38, 29, 27, 14, 13, 21, 41, 44, 22, 22, 28, 6, 41, 34, 32, 26, 6, 14, 37, 16, 3, 13, 7, 6, 13, 17, 45, 49, 19, 20, 45, 17, 11, 40, 8, 2, 18, 46, 15, 15, 37, 16, 4, 1, 42, 40, 20, 18, 9, 45, 42, 22, 39, 47, 29, 10, 41, 18, 36, 28, 11, 11, 26, 46, 8, 45, 9, 50, 38, 28, 23, 15, 8, 39, 4, 34, 13, 28, 12, 12, 6]
Average Turnaround Time: 1161.31
Average Waiting Time: 1137.43
Standard deviation of waiting times: 692.1663565213206
Standard deviation of turnaround times: 693.4183974340456

Waiting Time	Turnaround Time	Completion Time
0	5	5
0	1	6
0	11	17
0	15	32
12	14	34
14	28	48
28	54	74
54	96	116
97	104	123
104	132	151
132	165	184
165	205	224
206	212	230
212	234	252
234	257	275
257	290	308
291	307	324
307	333	350
333	368	385
369	375	391
375	391	407
391	411	427
411	447	463
447	487	503
487	530	546
530	574	590
575	584	599
584	596	611
596	621	636
621	650	665
650	681	696
681	718	733
718	760	775
760	803	818
804	835	849
835	876	890
876	920	934
921	940	953
940	961	974
961	994	1007
995	1002	1014
1002	1019	1031
1019	1036	1048
1036	1062	1074
1062	1094	1106
1094	1136	1148
1136	1186	1198
1187	1199	1210
1199	1226	1237
1226	1259	1270
1259	1294	1305
1294	1336	1347
1336	1380	1391
1381	1383	1393
1383	1385	1395
1385	1397	1407
1397	1417	1427
1417	1451	1461
1451	1485	1495
1486	1488	1497
1488	1492	1501
1492	1501	1510
1501	1515	1524
1515	1542	1551
1542	1576	1585
1576	1624	1633
1625	1630	1638
1630	1648	1656
1649	1651	1658
1651	1656	1663
1657	1674	1680
1674	1691	1697
1691	1722	1728
1722	1754	1760
1755	1766	1771
1766	1785	1790
1785	1819	1824
1819	1863	1868
1864	1872	1876
1872	1902	1906
1902	1942	1946
1942	1987	1991
1987	2036	2040
2037	2054	2057
2054	2076	2079
2076	2098	2101
2098	2129	2132
2129	2167	2170
2167	2206	2209
2206	2251	2254
2252	2260	2262
2260	2269	2271
2270	2307	2308
2307	2349	2350
2350	2362	2362
2362	2378	2378
2378	2396	2396
2396	2416	2416
2416	2436	2436
2436	2478	2478

ARRIVAL TIMES: [11, 13, 19, 9, 16, 12, 20, 12, 9, 20, 15, 11, 9, 16, 4, 5, 9, 16, 10, 0, 6, 3, 10, 17, 1, 18, 17, 8, 12, 20, 17, 1, 14, 0, 4, 19, 15, 19, 11, 8, 14, 16, 4, 4, 12, 16, 2, 10, 0, 6, 13, 18, 15, 0, 4, 13, 2, 12, 7, 9, 9, 19, 0, 10, 10, 0, 15, 14, 20, 3, 11, 15, 15, 18, 5, 3, 7, 10, 15, 12, 3, 6, 6, 15, 3, 3, 12, 3, 5, 5, 16, 11, 0, 18, 5, 11, 16, 17, 9, 6]

BURST TIMES: [35, 19, 40, 2, 40, 42, 14, 17, 4, 26, 25, 42, 9, 6, 30, 1, 34, 16, 2, 5, 11, 39, 34, 26, 42, 23, 35, 5, 26, 2, 16, 37, 44, 18, 49, 28, 37, 7, 44, 18, 41, 36, 8, 40, 32, 20, 9, 20, 20, 17, 33, 6, 9, 16, 45, 21, 8, 50, 2, 27, 48, 33, 20, 12, 34, 42, 12, 31, 42, 22, 33, 29, 43, 22, 34, 22, 5, 2, 42, 7, 31, 32, 17, 31, 17, 38, 17, 45, 44, 11, 44, 12, 12, 33, 19, 27, 43, 15, 14, 31]
Average Turnaround Time: 1205.0
Average Waiting Time: 1180.22
Standard deviation of waiting times: 741.2699046905924
Standard deviation of turnaround times: 742.4737167065242

Waiting Time	Turnaround Time	Completion Time
0	13	13
0	16	29
9	20	40
20	37	57
37	81	101
81	130	150
131	142	161
142	179	198
180	181	199
181	192	210
192	223	241
223	257	275
257	297	315
297	338	356
338	383	401
384	404	421
404	434	451
434	472	489
473	477	493
477	483	499
483	515	531
515	549	565
549	583	599
583	622	638
622	670	686
671	676	691
676	688	703
688	701	716
701	720	735
720	750	765
750	788	803
788	835	850
836	838	852
838	845	859
845	864	878
865	887	900
887	917	930
917	957	970
957	1003	1016
1004	1025	1037
1025	1072	1084
1073	1094	1105
1094	1124	1135
1124	1162	1173
1163	1178	1188
1178	1196	1206
1196	1231	1241
1232	1236	1245
1236	1240	1249
1240	1247	1256
1247	1255	1264
1255	1267	1276
1267	1281	1290
1281	1295	1304
1295	1334	1343
1335	1344	1352
1344	1360	1368
1360	1380	1388
1380	1407	1415
1407	1437	1445
1438	1441	1448
1441	1457	1464
1457	1478	1485
1478	1507	1514
1507	1536	1543
1536	1570	1577
1570	1608	1615
1608	1650	1657
1651	1664	1670
1664	1683	1689
1683	1711	1717
1711	1754	1760
1755	1762	1767
1762	1772	1777
1772	1795	1800
1795	1825	1830
1825	1858	1863
1858	1892	1897
1892	1933	1938
1933	1976	1981
1976	2024	2029
2024	2072	2077
2074	2104	2107
2104	2143	2146
2143	2190	2193
2191	2240	2242
2241	2243	2244
2243	2246	2247
2246	2251	2252
2251	2259	2260
2259	2268	2269
2268	2278	2279
2278	2288	2289
2288	2326	2327
2327	2341	2341
2341	2361	2361
2361	2383	2383
2383	2408	2408
2408	2435	2435
2435	2475	2475

ARRIVAL TIMES: [13, 15, 16, 7, 7, 14, 6, 5, 5, 9, 8, 2, 5, 10, 5, 7, 1, 7, 5, 1, 16, 7, 6, 13, 13, 15, 9, 9, 16, 7, 1, 20, 12, 1, 5, 20, 5, 9, 0, 9, 11, 12, 20, 13, 10, 16, 1, 17, 19, 16, 8, 18, 15, 8, 20, 17, 0, 16, 6, 18, 1, 18, 11, 9, 3, 1, 18, 16, 17, 18, 0, 9, 0, 8, 3, 5, 5, 18, 18, 0, 0, 11, 6, 10, 19, 13, 15, 1, 5, 9, 0, 15, 3, 7, 14, 15, 8, 15, 7, 14]

BURST TIMES: [30, 38, 34, 3, 16, 19, 43, 41, 43, 14, 9, 49, 23, 18, 48, 29, 2, 34, 48, 9, 4, 42, 13, 40, 46, 30, 4, 12, 39, 21, 8, 17, 21, 10, 33, 44, 34, 7, 27, 4, 21, 47, 49, 22, 15, 48, 10, 20, 11, 34, 20, 45, 19, 30, 11, 38, 14, 32, 28, 34, 5, 11, 38, 14, 39, 38, 1, 6, 30, 40, 20, 8, 13, 16, 30, 30, 7, 31, 41, 22, 40, 30, 19, 35, 37, 16, 5, 3, 10, 39, 25, 12, 47, 29, 7, 47, 27, 13, 38, 2]
Average Turnaround Time: 1245.39
Average Waiting Time: 1220.64
Standard deviation of waiting times: 718.2890437699854
Standard deviation of turnaround times: 718.0966911913742

Waiting Time	Turnaround Time	Completion Time
0	5	5
0	22	27
7	22	42
22	57	77
57	98	118
98	139	159
139	186	206
187	212	231
212	240	259
241	247	265
247	260	278
260	274	292
274	292	310
292	333	351
334	354	371
354	382	399
382	413	430
413	451	468
451	496	513
497	498	514
498	504	520
504	535	551
535	567	583
567	599	615
599	637	653
638	643	658
643	649	664
649	657	672
657	672	687
672	709	724
710	717	731
717	738	752
738	760	774
761	796	809
796	840	853
840	885	898
885	935	948
936	937	949
937	946	958
946	967	979
967	994	1006
994	1030	1042
1031	1041	1052
1041	1070	1081
1070	1109	1120
1109	1149	1160
1150	1160	1170
1160	1192	1202
1192	1231	1241
1231	1275	1285
1276	1287	1296
1287	1300	1309
1300	1317	1326
1317	1339	1348
1339	1363	1372
1363	1397	1406
1397	1436	1445
1436	1476	1485
1477	1486	1494
1486	1508	1516
1508	1531	1539
1531	1576	1584
1577	1580	1587
1580	1589	1596
1589	1605	1612
1605	1621	1628
1621	1662	1669
1663	1705	1711
1706	1728	1733
1728	1773	1778
1774	1782	1786
1782	1800	1804
1800	1834	1838
1834	1872	1876
1872	1917	1921
1917	1966	1970
1967	1973	1976
1973	1988	1991
1988	2015	2018
2015	2043	2046
2043	2077	2080
2077	2121	2124
2122	2123	2125
2123	2146	2148
2146	2170	2172
2170	2212	2214
2212	2256	2258
2256	2301	2303
2302	2320	2321
2320	2343	2344
2343	2371	2372
2371	2401	2402
2401	2438	2439
2439	2446	2446
2446	2453	2453
2453	2468	2468
2468	2486	2486
2486	2521	2521
2521	2556	2556
2556	2591	2591

ARRIVAL TIMES: [16, 1, 2, 20, 7, 8, 16, 13, 14, 18, 13, 12, 15, 2, 12, 3, 11, 1, 0, 2, 14, 20, 18, 0, 9, 10, 11, 17, 20, 16, 15, 2, 9, 5, 13, 6, 3, 2, 0, 5, 4, 1, 4, 0, 9, 11, 0, 5, 16, 1, 7, 18, 9, 18, 0, 4, 15, 12, 13, 11, 17, 4, 7, 0, 16, 19, 9, 20, 10, 12, 10, 1, 4, 17, 15, 9, 4, 3, 10, 12, 8, 16, 17, 3, 3, 17, 2, 0, 3, 9, 20, 15, 14, 8, 9, 19, 7, 8, 7, 18]

BURST TIMES: [32, 18, 24, 41, 16, 45, 31, 50, 22, 6, 35, 21, 15, 44, 36, 6, 10, 23, 7, 23, 21, 15, 13, 5, 22, 39, 39, 28, 41, 6, 5, 45, 39, 22, 45, 42, 28, 1, 15, 22, 18, 28, 45, 7, 13, 29, 18, 45, 38, 30, 9, 18, 40, 14, 35, 38, 8, 27, 44, 40, 45, 8, 41, 35, 32, 28, 34, 35, 44, 9, 32, 37, 34, 20, 6, 24, 49, 34, 10, 1, 23, 1, 38, 44, 27, 31, 42, 35, 15, 11, 47, 37, 7, 9, 17, 25, 16, 22, 3, 41]
Average Turnaround Time: 1271.94
Average Waiting Time: 1246.03
Standard deviation of waiting times: 754.0264246695867
Standard deviation of turnaround times: 754.9550293891683

Waiting Time	Turnaround Time	Completion Time
0	3	3
0	7	10
0	10	20
0	3	23
3	13	33
13	29	49
29	48	68
48	73	93
73	118	138
119	121	140
122	132	150
132	152	170
152	177	195
177	210	228
210	255	273
255	300	318
301	316	333
316	333	350
333	358	375
358	392	409
392	428	445
428	464	481
464	501	518
501	538	555
538	585	602
585	633	650
634	642	658
642	650	666
650	663	679
663	681	697
681	711	727
712	716	731
716	730	745
730	752	767
752	793	808
793	840	855
841	850	864
850	892	906
892	938	952
939	945	958
945	951	964
951	966	979
966	985	998
985	1006	1019
1006	1028	1041
1028	1055	1068
1055	1084	1097
1085	1102	1114
1102	1127	1139
1127	1157	1169
1157	1193	1205
1194	1195	1206
1195	1200	1211
1200	1211	1222
1211	1233	1244
1234	1270	1280
1270	1308	1318
1308	1347	1357
1347	1391	1401
1392	1412	1421
1412	1446	1455
1446	1481	1490
1481	1531	1540
1532	1547	1555
1547	1585	1593
1586	1588	1595
1588	1590	1597
1590	1596	1603
1596	1603	1610
1603	1612	1619
1612	1632	1639
1632	1656	1663
1656	1689	1696
1690	1693	1699
1693	1705	1711
1705	1747	1753
1747	1794	1800
1795	1800	1805
1800	1835	1840
1835	1876	1881
1876	1921	1926
1921	1967	1972
1968	1979	1983
1979	1996	2000
1996	2028	2032
2029	2050	2053
2050	2083	2086
2083	2126	2129
2127	2137	2139
2137	2153	2155
2153	2178	2180
2178	2215	2217
2216	2225	2226
2225	2237	2238
2237	2268	2269
2268	2306	2307
2307	2313	2313
2313	2338	2338
2338	2377	2377
2377	2417	2417

ARRIVAL TIMES: [7, 13, 17, 2, 17, 13, 1, 16, 15, 0, 13, 3, 1, 18, 20, 6, 2, 5, 11, 13, 15, 4, 7, 18, 0, 15, 10, 20, 7, 0, 10, 8, 15, 10, 2, 7, 9, 10, 7, 17, 17, 20, 20, 5, 16, 11, 8, 1, 5, 12, 15, 6, 16, 10, 6, 16, 3, 3, 4, 7, 2, 0, 17, 14, 3, 20, 7, 17, 17, 7, 13, 6, 18, 20, 13, 17, 12, 17, 17, 9, 0, 9, 5, 18, 11, 11, 14, 13, 12, 5, 18, 18, 1, 12, 19, 13, 4, 9, 14, 16]

BURST TIMES: [20, 19, 37, 10, 17, 15, 31, 30, 22, 3, 6, 43, 12, 10, 25, 3, 16, 41, 1, 27, 47, 11, 9, 20, 40, 41, 44, 10, 33, 39, 36, 38, 4, 39, 37, 7, 20, 10, 2, 37, 15, 19, 16, 35, 18, 5, 15, 9, 46, 17, 14, 47, 13, 38, 42, 8, 33, 21, 32, 24, 25, 6, 34, 42, 7, 3, 2, 36, 47, 6, 6, 12, 25, 45, 21, 36, 36, 25, 48, 50, 25, 35, 45, 45, 11, 22, 46, 22, 30, 5, 33, 45, 38, 25, 2, 29, 17, 34, 9, 8]
Average Turnaround Time: 1165.43
Average Waiting Time: 1141.26
Standard deviation of waiting times: 715.5124543989433
Standard deviation of turnaround times: 717.0143548772228

===================================================================================================================================================================

Waiting Time	Turnaround Time	Completion Time
0	5	5
0	2	7
0	6	13
0	6	19
0	2	21
0	14	35
5	8	38
8	13	43
13	20	50
21	29	58
29	58	87
59	69	97
69	80	108
80	95	123
96	99	126
99	104	131
104	115	142
116	136	162
136	166	192
167	186	211
187	200	224
200	219	243
219	246	270
247	259	282
260	276	298
276	298	320
299	320	341
320	341	362
341	371	392
372	400	420
401	419	438
420	422	440
422	430	448
431	439	456
439	449	466
449	468	485
468	495	512
495	522	539
523	534	550
534	551	567
551	576	592
577	579	594
579	582	597
582	589	604
589	599	614
599	614	629
614	636	651
637	650	664
650	664	678
664	683	697
683	703	717
703	723	737
723	747	761
747	774	788
775	790	803
790	806	819
806	824	837
824	851	864
852	853	865
853	855	867
855	868	880
868	896	908
897	911	922
911	926	937
926	946	957
946	968	979
969	974	984
974	983	993
983	1008	1018
1009	1021	1030
1022	1030	1038
1030	1038	1046
1038	1053	1061
1053	1079	1087
1080	1089	1096
1089	1107	1114
1107	1135	1142
1136	1137	1143
1138	1148	1153
1148	1160	1165
1160	1174	1179
1174	1190	1195
1190	1206	1211
1206	1222	1227
1222	1241	1246
1242	1246	1250
1246	1252	1256
1252	1269	1273
1270	1272	1275
1272	1275	1278
1275	1297	1300
1297	1322	1325
1323	1328	1330
1328	1336	1338
1336	1348	1350
1348	1362	1364
1363	1375	1376
1375	1403	1404
1403	1433	1434
1434	1456	1456

ARRIVAL TIMES: [24, 3, 14, 5, 25, 6, 30, 11, 13, 13, 14, 7, 21, 8, 4, 19, 16, 5, 27, 3, 8, 14, 9, 5, 21, 20, 30, 26, 5, 24, 5, 15, 24, 11, 10, 13, 7, 0, 17, 22, 1, 10, 28, 10, 7, 2, 8, 14, 12, 18, 5, 12, 29, 27, 15, 21, 28, 7, 23, 16, 29, 8, 16, 15, 19, 15, 2, 5, 15, 21, 14, 28, 12, 4, 13, 17, 18, 11, 17, 12, 15, 22, 5, 17, 14, 3, 30, 13, 26, 1, 27, 0, 14, 17, 2, 1, 11, 2, 4, 3]

BURST TIMES: [19, 2, 14, 16, 19, 1, 7, 15, 27, 16, 27, 9, 21, 26, 6, 2, 17, 16, 11, 3, 8, 24, 12, 2, 14, 28, 5, 20, 12, 13, 14, 10, 27, 22, 9, 15, 6, 22, 10, 22, 12, 5, 15, 25, 28, 8, 15, 20, 13, 2, 19, 1, 8, 5, 7, 30, 10, 18, 12, 25, 29, 8, 11, 22, 18, 15, 14, 16, 3, 21, 19, 11, 28, 17, 6, 27, 8, 14, 8, 2, 2, 16, 10, 27, 20, 22, 3, 18, 30, 28, 3, 5, 13, 19, 12, 30, 20, 5, 4, 25]
Average Turnaround Time: 694.54
Average Waiting Time: 679.98
Standard deviation of waiting times: 449.0637144103273
Standard deviation of turnaround times: 449.9346268070507

Waiting Time	Turnaround Time	Completion Time
0	1	1
0	4	5
0	1	6
0	5	11
0	22	33
3	13	43
13	26	56
26	56	86
57	59	88
59	88	117
88	117	146
118	123	151
123	132	160
132	152	180
153	162	189
162	184	211
184	207	234
208	222	248
222	239	265
240	244	269
244	258	283
258	277	302
277	306	331
307	316	340
316	327	351
327	341	365
341	370	394
371	374	397
374	378	401
378	389	412
389	415	438
416	440	462
440	465	487
465	492	514
493	494	515
494	501	522
501	521	542
521	544	565
544	570	591
571	586	606
586	611	631
612	616	635
617	622	640
622	629	647
630	636	653
636	643	660
644	652	668
652	663	679
663	674	690
674	695	711
695	723	739
725	728	742
728	750	764
751	760	773
760	771	784
771	800	813
801	814	826
814	829	841
829	850	862
852	859	869
859	868	878
868	887	897
888	893	902
893	899	908
899	910	919
910	924	933
925	945	953
945	968	976
969	987	994
987	1008	1015
1008	1031	1038
1031	1061	1068
1062	1071	1077
1071	1090	1096
1090	1111	1117
1112	1118	1123
1118	1137	1142
1137	1164	1169
1165	1171	1175
1171	1181	1185
1181	1202	1206
1202	1231	1235
1232	1235	1238
1235	1238	1241
1238	1254	1257
1254	1278	1281
1278	1304	1307
1304	1331	1334
1331	1359	1362
1359	1389	1392
1390	1392	1394
1392	1399	1401
1399	1409	1411
1409	1423	1425
1424	1445	1446
1445	1473	1474
1474	1482	1482
1482	1490	1490
1490	1498	1498
1498	1514	1514

ARRIVAL TIMES: [29, 22, 27, 3, 22, 4, 24, 18, 13, 11, 7, 3, 29, 19, 1, 16, 6, 13, 5, 5, 26, 2, 3, 25, 28, 9, 0, 25, 20, 25, 10, 21, 23, 12, 30, 14, 16, 24, 24, 23, 1, 26, 21, 5, 3, 30, 14, 17, 10, 0, 2, 18, 23, 3, 2, 10, 8, 20, 2, 30, 21, 24, 9, 21, 1, 25, 0, 6, 7, 16, 16, 22, 0, 5, 0, 29, 21, 23, 16, 28, 4, 28, 9, 27, 4, 13, 8, 3, 12, 3, 6, 7, 6, 27, 7, 3, 9, 4, 17, 12]

BURST TIMES: [29, 24, 22, 26, 25, 29, 29, 5, 9, 22, 21, 28, 29, 4, 28, 11, 19, 29, 6, 1, 14, 14, 3, 4, 5, 11, 16, 19, 15, 14, 7, 7, 11, 21, 30, 22, 11, 11, 14, 3, 21, 17, 26, 27, 16, 13, 3, 7, 19, 8, 2, 7, 4, 3, 7, 9, 23, 25, 10, 10, 23, 9, 6, 20, 4, 29, 1, 9, 23, 8, 28, 27, 8, 19, 8, 2, 1, 26, 21, 20, 10, 9, 5, 23, 21, 11, 20, 24, 15, 30, 5, 30, 21, 9, 18, 27, 14, 6, 6, 13]
Average Turnaround Time: 725.16
Average Waiting Time: 710.02
Standard deviation of waiting times: 451.96951180361714
Standard deviation of turnaround times: 452.81300158012255

Waiting Time	Turnaround Time	Completion Time
0	17	17
0	3	20
0	14	34
4	22	52
22	43	73
44	47	76
47	52	81
52	60	89
60	76	105
76	96	125
96	122	151
122	152	181
152	182	211
183	190	218
190	211	239
211	238	266
239	240	267
240	257	284
257	280	307
281	282	308
282	288	314
288	299	325
299	316	342
316	337	363
337	359	385
360	368	393
368	393	418
393	419	444
420	430	454
431	435	458
435	444	467
444	464	487
464	493	516
494	503	525
503	513	535
513	530	552
530	557	579
558	564	585
564	573	594
573	586	607
586	603	624
603	621	642
622	641	661
641	670	690
671	682	701
682	698	717
698	728	747
729	730	748
730	747	765
748	758	775
758	788	805
789	792	808
792	796	812
796	800	816
800	804	820
804	821	837
821	848	864
849	852	867
852	862	877
862	883	898
883	908	923
909	919	933
919	941	955
942	943	956
943	970	983
971	982	994
982	994	1006
994	1007	1019
1007	1028	1040
1029	1035	1046
1035	1049	1060
1049	1064	1075
1065	1081	1091
1081	1110	1120
1111	1112	1121
1112	1125	1134
1125	1140	1149
1140	1159	1168
1159	1188	1197
1189	1197	1205
1197	1215	1223
1215	1235	1243
1235	1255	1263
1255	1283	1291
1284	1314	1321
1315	1316	1322
1316	1321	1327
1322	1324	1329
1324	1329	1334
1329	1342	1347
1342	1363	1368
1364	1367	1371
1367	1378	1382
1378	1399	1403
1399	1421	1425
1422	1449	1452
1450	1466	1468
1467	1476	1477
1476	1500	1501
1501	1531	1531

ARRIVAL TIMES: [8, 29, 15, 8, 18, 8, 28, 22, 28, 21, 5, 21, 5, 26, 5, 16, 9, 13, 21, 7, 29, 6, 15, 11, 29, 13, 28, 23, 26, 19, 9, 16, 30, 12, 21, 20, 29, 12, 9, 25, 25, 20, 26, 22, 15, 11, 9, 16, 4, 23, 5, 30, 9, 16, 29, 10, 0, 22, 6, 3, 24, 10, 17, 1, 18, 17, 29, 8, 27, 12, 23, 25, 26, 20, 17, 1, 22, 14, 21, 0, 4, 26, 19, 15, 19, 27, 11, 8, 14, 26, 16, 4, 4, 27, 29, 12, 16, 2, 23, 29]

BURST TIMES: [18, 26, 10, 20, 1, 20, 21, 27, 7, 9, 2, 13, 13, 21, 5, 3, 15, 1, 17, 30, 8, 1, 3, 6, 30, 27, 27, 20, 17, 30, 13, 27, 21, 12, 18, 29, 3, 13, 1, 8, 26, 19, 22, 9, 25, 14, 19, 4, 22, 9, 21, 18, 29, 4, 20, 16, 30, 10, 5, 27, 10, 29, 10, 9, 17, 3, 5, 8, 23, 11, 4, 25, 1, 14, 30, 24, 17, 10, 6, 17, 21, 6, 16, 21, 11, 17, 15, 28, 22, 11, 17, 11, 3, 1, 30, 21, 4, 16, 29, 16]
Average Turnaround Time: 748.15
Average Waiting Time: 732.84
Standard deviation of waiting times: 443.42204997045417
Standard deviation of turnaround times: 443.7101165175299

Waiting Time	Turnaround Time	Completion Time
0	7	7
0	2	9
0	10	19
0	12	31
1	15	45
15	30	60
30	52	82
52	74	104
75	77	106
77	97	126
97	125	154
126	132	160
133	144	171
144	164	191
164	193	220
194	200	226
200	229	255
230	233	258
233	237	262
237	242	267
242	250	275
250	260	285
260	271	296
271	285	310
285	309	334
309	338	363
339	340	364
340	347	371
347	355	379
355	372	396
372	399	423
400	409	432
409	425	448
425	449	472
449	476	499
478	495	516
495	512	533
512	539	560
540	547	567
547	554	574
554	573	593
574	604	623
605	613	631
613	634	652
635	652	669
652	680	697
681	685	701
685	700	716
700	715	731
715	739	755
740	763	778
763	786	801
787	788	802
788	803	817
803	823	837
824	829	842
829	835	848
835	845	858
845	860	873
860	880	893
881	885	897
885	894	906
894	910	922
911	921	932
922	937	947
937	966	976
967	984	993
984	1003	1012
1003	1022	1031
1022	1042	1051
1042	1069	1078
1070	1097	1105
1098	1103	1110
1103	1125	1132
1125	1149	1156
1149	1175	1182
1175	1201	1208
1201	1228	1235
1229	1231	1237
1231	1241	1247
1241	1252	1258
1253	1255	1260
1255	1259	1264
1259	1264	1269
1264	1283	1288
1283	1308	1313
1308	1334	1339
1334	1360	1365
1360	1389	1394
1390	1415	1419
1416	1433	1436
1434	1455	1457
1455	1484	1486
1485	1488	1489
1488	1494	1495
1494	1501	1502
1501	1512	1513
1512	1523	1524
1523	1544	1545
1545	1560	1560

ARRIVAL TIMES: [14, 9, 27, 17, 29, 18, 25, 7, 2, 30, 1, 25, 4, 19, 12, 5, 25, 30, 23, 14, 3, 26, 23, 13, 6, 18, 0, 13, 15, 16, 29, 7, 28, 7, 14, 25, 25, 23, 6, 5, 5, 9, 30, 8, 21, 2, 5, 25, 10, 5, 24, 7, 1, 7, 5, 1, 25, 16, 7, 6, 13, 21, 13, 15, 9, 9, 16, 7, 1, 25, 20, 24, 12, 30, 24, 1, 26, 5, 20, 27, 5, 9, 24, 25, 0, 9, 11, 12, 20, 21, 24, 13, 10, 16, 23, 1, 17, 27, 29, 19]

BURST TIMES: [15, 19, 29, 17, 2, 8, 10, 22, 21, 22, 7, 5, 25, 12, 9, 29, 24, 15, 27, 1, 17, 29, 24, 5, 2, 21, 7, 20, 23, 15, 28, 2, 6, 26, 20, 11, 4, 9, 11, 5, 26, 17, 22, 27, 17, 29, 4, 14, 29, 2, 27, 27, 11, 24, 25, 11, 8, 24, 5, 10, 6, 17, 10, 23, 27, 10, 15, 26, 6, 29, 19, 7, 16, 14, 17, 3, 6, 19, 7, 20, 26, 19, 1, 3, 15, 20, 10, 4, 7, 27, 8, 15, 15, 4, 16, 21, 28, 11, 20, 30]
Average Turnaround Time: 743.1
Average Waiting Time: 727.5
Standard deviation of waiting times: 469.081751936696
Standard deviation of turnaround times: 470.07106909487635

Waiting Time	Turnaround Time	Completion Time
0	7	7
0	3	10
0	5	15
0	8	23
0	5	28
0	8	36
6	20	50
20	39	69
40	63	92
63	91	120
92	106	134
107	116	143
116	132	159
132	150	177
150	171	198
172	176	202
176	184	210
184	198	224
199	202	227
202	209	234
209	227	252
228	232	256
232	248	272
248	271	295
271	298	322
299	304	327
306	309	330
309	318	339
318	334	355
334	353	374
353	375	396
375	401	422
402	413	433
413	431	451
431	451	471
451	480	500
480	510	530
512	524	542
524	547	565
547	570	588
570	593	611
594	601	618
601	623	640
624	627	643
627	631	647
631	658	674
658	686	702
686	715	731
716	727	742
727	749	764
750	765	779
765	791	805
792	803	816
803	824	837
824	849	862
849	876	889
877	878	890
878	886	898
886	895	907
896	916	927
916	937	948
937	964	975
964	994	1005
995	1023	1033
1024	1039	1048
1039	1066	1075
1066	1095	1104
1096	1107	1115
1107	1127	1135
1128	1131	1138
1131	1143	1150
1143	1173	1180
1174	1178	1184
1179	1189	1194
1189	1203	1208
1203	1226	1231
1226	1256	1261
1257	1266	1270
1266	1278	1282
1278	1305	1309
1305	1334	1338
1335	1356	1359
1356	1382	1385
1382	1409	1412
1410	1413	1415
1413	1424	1426
1424	1442	1444
1442	1462	1464
1462	1492	1494
1493	1504	1505
1504	1518	1519
1518	1535	1536
1535	1555	1556
1555	1583	1584
1584	1596	1596
1596	1612	1612
1612	1629	1629
1629	1647	1647
1647	1666	1666
1666	1695	1695

ARRIVAL TIMES: [24, 16, 4, 0, 11, 0, 28, 18, 21, 13, 15, 25, 27, 20, 26, 17, 25, 7, 5, 23, 18, 3, 26, 4, 8, 12, 25, 7, 10, 1, 20, 16, 1, 30, 27, 2, 20, 7, 21, 29, 8, 16, 13, 14, 18, 13, 24, 26, 12, 15, 2, 12, 3, 11, 1, 24, 24, 0, 2, 14, 21, 20, 18, 0, 9, 10, 27, 11, 17, 20, 21, 16, 28, 15, 2, 9, 5, 13, 6, 29, 3, 21, 2, 0, 5, 4, 1, 4, 0, 9, 21, 23, 27, 30, 11, 0, 5, 16, 1, 7]

BURST TIMES: [16, 28, 9, 12, 21, 29, 8, 23, 16, 25, 11, 3, 18, 11, 8, 22, 18, 3, 30, 5, 12, 27, 4, 12, 11, 8, 7, 3, 28, 11, 20, 29, 20, 14, 21, 3, 30, 30, 3, 23, 20, 27, 11, 26, 23, 21, 27, 14, 1, 8, 11, 9, 26, 30, 14, 23, 4, 7, 30, 15, 9, 29, 23, 19, 15, 5, 9, 20, 7, 18, 19, 4, 14, 22, 20, 29, 23, 27, 4, 28, 21, 26, 18, 16, 14, 29, 17, 27, 18, 27, 22, 5, 16, 19, 27, 17, 10, 3, 28, 12]
Average Turnaround Time: 775.36
Average Waiting Time: 758.41
Standard deviation of waiting times: 516.1309735910062
Standard deviation of turnaround times: 518.3477504533033

Waiting Time	Turnaround Time	Completion Time
0	9	9
0	27	36
6	23	53
23	45	75
45	68	98
68	97	127
98	101	130
101	130	159
131	134	162
134	144	172
144	172	200
173	180	207
180	193	220
193	206	233
206	227	254
228	230	256
230	239	265
239	265	291
265	292	318
293	319	344
320	328	352
328	338	362
338	349	373
349	368	392
368	394	418
395	399	422
399	403	426
403	423	446
424	427	449
427	432	454
432	440	462
440	455	477
455	485	507
486	494	515
494	503	524
503	522	543
523	541	561
541	565	585
565	589	609
589	615	635
617	635	653
635	658	676
658	686	704
687	688	705
688	690	707
690	704	721
704	723	740
723	747	764
748	754	770
754	764	780
764	777	793
777	803	819
804	812	827
812	823	838
823	843	858
843	872	887
873	879	893
879	890	904
891	892	905
892	898	911
898	908	921
908	934	947
935	945	957
945	967	979
967	991	1003
992	1011	1022
1011	1039	1050
1040	1056	1066
1056	1072	1082
1072	1089	1099
1089	1110	1120
1110	1137	1147
1137	1166	1176
1168	1173	1181
1173	1186	1194
1186	1203	1211
1204	1207	1214
1207	1212	1219
1212	1219	1226
1219	1240	1247
1240	1269	1276
1270	1274	1280
1275	1276	1281
1276	1279	1284
1279	1297	1302
1297	1323	1328
1324	1326	1330
1326	1344	1348
1345	1350	1353
1350	1358	1361
1359	1361	1363
1361	1366	1368
1366	1378	1380
1378	1404	1406
1405	1410	1411
1410	1428	1429
1428	1448	1449
1449	1468	1468
1468	1489	1489
1489	1517	1517

ARRIVAL TIMES: [24, 12, 17, 22, 26, 22, 5, 10, 22, 10, 14, 30, 2, 16, 22, 18, 28, 12, 0, 14, 8, 16, 4, 3, 27, 25, 7, 13, 17, 2, 17, 13, 1, 16, 15, 0, 13, 30, 3, 30, 1, 18, 20, 24, 26, 23, 21, 6, 28, 2, 5, 11, 21, 13, 26, 15, 4, 21, 22, 24, 7, 18, 29, 0, 15, 10, 27, 20, 26, 28, 7, 0, 10, 23, 8, 15, 24, 10, 2, 27, 7, 9, 10, 7, 23, 17, 17, 20, 20, 5, 29, 16, 11, 8, 30, 24, 1, 5, 27, 12]

BURST TIMES: [10, 10, 19, 5, 9, 8, 26, 16, 15, 29, 11, 29, 2, 26, 30, 28, 3, 22, 28, 6, 5, 13, 2, 8, 21, 26, 29, 1, 14, 26, 24, 6, 5, 10, 20, 21, 26, 22, 5, 17, 20, 18, 26, 19, 2, 20, 19, 4, 10, 5, 1, 19, 8, 10, 26, 8, 18, 9, 3, 8, 5, 23, 29, 9, 29, 27, 7, 24, 27, 28, 7, 19, 21, 4, 17, 11, 26, 16, 12, 13, 3, 27, 17, 21, 4, 2, 1, 18, 24, 3, 3, 6, 28, 13, 23, 11, 18, 18, 13, 24]
Average Turnaround Time: 769.39
Average Waiting Time: 754.22
Standard deviation of waiting times: 443.0440515343818
Standard deviation of turnaround times: 442.3923574159029
